Layer,Time_Offset,Target_Timestep,Component,Metric_Mode,Logit_Score,Posteriors_Score,Target_Transition_Prior,Target_String_Prior,Target_Logit,Wrong_Transition_Prior,Wrong_String_Prior,Wrong_Logit,Actual_Argmax_Prior,Actual_String_Prior,Actual_Argmax_Logit,Target_Transition_Post,Target_String_Post,Target_Prob,Wrong_Transition_Post,Wrong_String_Post,Wrong_Prob,Actual_Transition_Post,actual_String_Post,actual_Prob,Is_Target_Logit_Argmax,Is_Target_Prob_Argmax,Should_Decode,Global_MSE_Change,New_String
0,0,65,head_5,degradation,1.03125,0.9933934211730957,2926,GCAGCA,2.015625,3086,GCGGCA,2.142578125,3086,GCGGCA,2.142578125,2926,GCAGCA,0.1300804615020752,1460,CAGCAN,0.178652822971344,1460,CAGCAN,0.178652822971344,False,False,True,0.0001791641116142273,
0,1,65,head_5,degradation,1.0458984375,0.9994847774505615,2926,GCAGCA,2.013671875,3086,GCGGCA,2.142578125,3086,GCGGCA,2.142578125,2926,GCAGCA,0.12974005937576294,1460,CAGCAN,0.17876538634300232,1460,CAGCAN,0.17876538634300232,False,False,True,-0.00012571364641189575,
0,2,65,head_5,degradation,1.015625,1.0014725923538208,2926,GCAGCA,2.013671875,3086,GCGGCA,2.138671875,3086,GCGGCA,2.138671875,2926,GCAGCA,0.12891747057437897,1460,CAGCAN,0.17809061706066132,1460,CAGCAN,0.17809061706066132,False,False,True,0.00028179585933685303,
0,3,65,head_5,degradation,1.0458984375,1.0149060487747192,2926,GCAGCA,2.009765625,3086,GCGGCA,2.138671875,3086,GCGGCA,2.138671875,2926,GCAGCA,0.1286691427230835,1460,CAGCAN,0.1788412183523178,1460,CAGCAN,0.1788412183523178,False,False,True,0.0003225579857826233,
0,4,65,head_5,degradation,1.015625,0.9922812581062317,2926,GCAGCA,2.015625,3086,GCGGCA,2.140625,3086,GCGGCA,2.140625,2926,GCAGCA,0.1299610584974289,1460,CAGCAN,0.17845071852207184,1460,CAGCAN,0.17845071852207184,False,False,True,0.0003530830144882202,
0,5,65,head_5,degradation,1.03125,1.0282522439956665,2926,GCAGCA,2.00390625,3086,GCGGCA,2.130859375,3086,GCGGCA,2.130859375,2926,GCAGCA,0.12843258678913116,1460,CAGCAN,0.17959710955619812,1460,CAGCAN,0.17959710955619812,False,False,True,0.0005208849906921387,
0,6,65,head_5,degradation,1.015625,1.006648302078247,2926,GCAGCA,2.0078125,3086,GCGGCA,2.1328125,3086,GCGGCA,2.1328125,2926,GCAGCA,0.12922611832618713,1460,CAGCAN,0.17878413200378418,1460,CAGCAN,0.17878413200378418,False,False,True,0.0008210614323616028,
0,7,65,head_5,degradation,1.03125,1.020022988319397,2926,GCAGCA,2.009765625,3086,GCGGCA,2.13671875,3086,GCGGCA,2.13671875,2926,GCAGCA,0.12878255546092987,1460,CAGCAN,0.17933513224124908,1460,CAGCAN,0.17933513224124908,False,False,True,0.00028414279222488403,
0,8,65,head_5,degradation,1.0,0.9993138909339905,2926,GCAGCA,2.013671875,3086,GCGGCA,2.13671875,3086,GCGGCA,2.13671875,2926,GCAGCA,0.12892386317253113,1460,CAGCAN,0.17793647944927216,1460,CAGCAN,0.17793647944927216,False,False,True,0.00023668259382247925,
0,9,65,head_5,degradation,1.0,0.9988023042678833,2926,GCAGCA,2.013671875,3086,GCGGCA,2.13671875,3086,GCGGCA,2.13671875,2926,GCAGCA,0.1294400990009308,1460,CAGCAN,0.17841467261314392,1460,CAGCAN,0.17841467261314392,False,False,True,0.0001413300633430481,
0,10,65,head_5,degradation,1.015625,1.0166676044464111,2926,GCAGCA,2.0078125,3086,GCGGCA,2.1328125,3086,GCGGCA,2.1328125,2926,GCAGCA,0.12864111363887787,1460,CAGCAN,0.1789441853761673,1460,CAGCAN,0.1789441853761673,False,False,True,0.000245608389377594,
0,11,65,head_5,degradation,1.0,0.9843048453330994,2926,GCAGCA,2.021484375,3086,GCGGCA,2.14453125,3086,GCGGCA,2.14453125,2926,GCAGCA,0.13040277361869812,1460,CAGCAN,0.17829929292201996,1460,CAGCAN,0.17829929292201996,False,False,True,-0.0005726516246795654,
0,12,65,head_5,degradation,0.984375,0.991576075553894,2926,GCAGCA,2.01953125,3086,GCGGCA,2.140625,3086,GCGGCA,2.140625,2926,GCAGCA,0.12981323897838593,1460,CAGCAN,0.17825046181678772,1460,CAGCAN,0.17825046181678772,False,False,True,-0.0002691298723220825,
0,13,65,head_5,degradation,1.0,1.0036330223083496,2926,GCAGCA,2.013671875,3086,GCGGCA,2.13671875,3086,GCGGCA,2.13671875,2926,GCAGCA,0.1295175701379776,1460,CAGCAN,0.17885136604309082,1460,CAGCAN,0.17885136604309082,False,False,True,2.228468656539917e-05,
0,14,65,head_5,degradation,1.015625,1.0166428089141846,2926,GCAGCA,2.0078125,3086,GCGGCA,2.1328125,3086,GCGGCA,2.1328125,2926,GCAGCA,0.1287132054567337,1460,CAGCAN,0.1790144294500351,1460,CAGCAN,0.1790144294500351,False,False,True,0.0005938708782196045,
0,15,65,head_5,degradation,1.015625,1.016749620437622,2926,GCAGCA,2.009765625,3086,GCGGCA,2.134765625,3086,GCGGCA,2.134765625,2926,GCAGCA,0.12837783992290497,1460,CAGCAN,0.17868700623512268,1460,CAGCAN,0.17868700623512268,False,False,True,0.00035412609577178955,
0,16,65,head_5,degradation,1.0,0.9700740575790405,2926,GCAGCA,2.01953125,3086,GCGGCA,2.142578125,3086,GCGGCA,2.142578125,2926,GCAGCA,0.13083989918231964,1460,CAGCAN,0.1776781976222992,1460,CAGCAN,0.1776781976222992,False,False,True,-8.995085954666138e-05,
0,17,65,head_5,degradation,1.0458984375,0.9860389828681946,2926,GCAGCA,2.015625,3086,GCGGCA,2.14453125,3086,GCGGCA,2.14453125,2926,GCAGCA,0.130073681473732,1460,CAGCAN,0.1780991554260254,1460,CAGCAN,0.1780991554260254,False,False,True,-0.00022185593843460083,
0,18,65,head_5,degradation,0.984375,0.9793285727500916,2926,GCAGCA,2.0234375,3086,GCGGCA,2.14453125,3086,GCGGCA,2.14453125,2926,GCAGCA,0.13071514666080475,1460,CAGCAN,0.17824162542819977,1460,CAGCAN,0.17824162542819977,False,False,True,-0.00030950456857681274,
0,19,65,head_5,degradation,0.984375,0.9924798607826233,2926,GCAGCA,2.01953125,3086,GCGGCA,2.140625,3086,GCGGCA,2.140625,2926,GCAGCA,0.1298183649778366,1460,CAGCAN,0.17832279205322266,1460,CAGCAN,0.17832279205322266,False,False,True,-3.8586556911468506e-05,
0,20,65,head_5,degradation,1.015625,1.0159873962402344,2926,GCAGCA,2.005859375,3086,GCGGCA,2.130859375,3086,GCGGCA,2.130859375,2926,GCAGCA,0.12865836918354034,1460,CAGCAN,0.17891085147857666,1460,CAGCAN,0.17891085147857666,False,False,True,0.0004172325134277344,
0,21,65,head_5,degradation,1.015625,1.0069879293441772,2926,GCAGCA,2.015625,3086,GCGGCA,2.140625,3086,GCGGCA,2.140625,2926,GCAGCA,0.12921372056007385,1460,CAGCAN,0.17879699170589447,1460,CAGCAN,0.17879699170589447,False,False,True,0.0003453865647315979,
0,22,65,head_5,degradation,1.015625,1.010439157485962,2926,GCAGCA,2.009765625,3086,GCGGCA,2.134765625,3086,GCGGCA,2.134765625,2926,GCAGCA,0.12844562530517578,1460,CAGCAN,0.17828553915023804,1460,CAGCAN,0.17828553915023804,False,False,True,0.00021320581436157227,
0,23,65,head_5,degradation,1.0,1.0149661302566528,2926,GCAGCA,2.009765625,3086,GCGGCA,2.1328125,3086,GCGGCA,2.1328125,2926,GCAGCA,0.12840117514133453,1460,CAGCAN,0.178577721118927,1460,CAGCAN,0.178577721118927,False,False,True,0.0004640817642211914,
0,24,65,head_5,degradation,1.015625,1.02048659324646,2926,GCAGCA,2.005859375,3086,GCGGCA,2.130859375,3086,GCGGCA,2.130859375,2926,GCAGCA,0.12834210693836212,1460,CAGCAN,0.1789291650056839,1460,CAGCAN,0.1789291650056839,False,False,True,0.0005113258957862854,
0,25,65,head_5,degradation,1.015625,1.0025112628936768,2926,GCAGCA,2.013671875,3086,GCGGCA,2.138671875,3086,GCGGCA,2.138671875,2926,GCAGCA,0.12914851307868958,1460,CAGCAN,0.17839889228343964,1460,CAGCAN,0.17839889228343964,False,False,True,0.0004849359393119812,
0,26,65,head_5,degradation,1.0,1.0205429792404175,2926,GCAGCA,2.0078125,3086,GCGGCA,2.130859375,3086,GCGGCA,2.130859375,2926,GCAGCA,0.12864427268505096,1460,CAGCAN,0.1792355179786682,1460,CAGCAN,0.1792355179786682,False,False,True,0.00021466612815856934,
0,27,65,head_5,degradation,1.015625,1.0084080696105957,2926,GCAGCA,2.0078125,3086,GCGGCA,2.1328125,3086,GCGGCA,2.1328125,2926,GCAGCA,0.12899889051914215,1460,CAGCAN,0.17868776619434357,1460,CAGCAN,0.17868776619434357,False,False,True,0.0004872828722000122,
0,28,65,head_5,degradation,1.03125,0.9986650347709656,2926,GCAGCA,2.013671875,3086,GCGGCA,2.140625,3086,GCGGCA,2.140625,2926,GCAGCA,0.12965810298919678,1460,CAGCAN,0.17862246930599213,1460,CAGCAN,0.17862246930599213,False,False,True,0.0004079863429069519,
0,29,65,head_5,degradation,1.0,0.9998344779014587,2926,GCAGCA,2.013671875,3086,GCGGCA,2.13671875,3086,GCGGCA,2.13671875,2926,GCAGCA,0.1295277178287506,1460,CAGCAN,0.17857904732227325,1460,CAGCAN,0.17857904732227325,False,False,True,0.00011171400547027588,
0,30,65,head_5,degradation,1.03125,1.0123555660247803,2926,GCAGCA,2.01171875,3086,GCGGCA,2.138671875,3086,GCGGCA,2.138671875,2926,GCAGCA,0.12892547249794006,1460,CAGCAN,0.17890788614749908,1460,CAGCAN,0.17890788614749908,False,False,True,9.247660636901855e-05,
0,31,65,head_5,degradation,1.0,0.9970104098320007,2926,GCAGCA,2.013671875,3086,GCGGCA,2.13671875,3086,GCGGCA,2.13671875,2926,GCAGCA,0.12941865622997284,1460,CAGCAN,0.1782599836587906,1460,CAGCAN,0.1782599836587906,False,False,True,0.0003468245267868042,
1,0,65,head_5,degradation,1.0,1.0028953552246094,2926,GCAGCA,2.009765625,3086,GCGGCA,2.1328125,3086,GCGGCA,2.1328125,2926,GCAGCA,0.1292019933462143,1460,CAGCAN,0.17848093807697296,1460,CAGCAN,0.17848093807697296,False,False,True,0.00035037100315093994,
1,1,65,head_5,degradation,0.984375,0.9738239645957947,2926,GCAGCA,2.01953125,3086,GCGGCA,2.140625,3086,GCGGCA,2.140625,2926,GCAGCA,0.13091358542442322,1460,CAGCAN,0.17803072929382324,1460,CAGCAN,0.17803072929382324,False,False,True,-0.00031045079231262207,
1,2,65,head_5,degradation,1.03125,0.9958433508872986,2926,GCAGCA,2.015625,3086,GCGGCA,2.142578125,3086,GCGGCA,2.142578125,2926,GCAGCA,0.12971584498882294,1460,CAGCAN,0.17847038805484772,1460,CAGCAN,0.17847038805484772,False,False,True,-0.00024471431970596313,
1,3,65,head_5,degradation,1.015625,0.9923980832099915,2926,GCAGCA,2.015625,3086,GCGGCA,2.140625,3086,GCGGCA,2.140625,2926,GCAGCA,0.12974385917186737,1460,CAGCAN,0.17824220657348633,1460,CAGCAN,0.17824220657348633,False,False,True,-0.0004512220621109009,
1,4,65,head_5,degradation,1.03125,1.0256556272506714,2926,GCAGCA,2.00390625,3086,GCGGCA,2.130859375,3086,GCGGCA,2.130859375,2926,GCAGCA,0.12887884676456451,1460,CAGCAN,0.1798502802848816,1460,CAGCAN,0.1798502802848816,False,False,True,0.00020278990268707275,
1,5,65,head_5,degradation,1.03125,1.0092581510543823,2926,GCAGCA,2.009765625,3086,GCGGCA,2.13671875,3086,GCGGCA,2.13671875,2926,GCAGCA,0.12904967367649078,1460,CAGCAN,0.1788017600774765,1460,CAGCAN,0.1788017600774765,False,False,True,-0.00013184547424316406,
1,6,65,head_5,degradation,1.015625,1.0316264629364014,2926,GCAGCA,2.001953125,3086,GCGGCA,2.126953125,3086,GCGGCA,2.126953125,2926,GCAGCA,0.12770609557628632,1460,CAGCAN,0.17912152409553528,1460,CAGCAN,0.17912152409553528,False,False,True,0.00029680877923965454,
1,7,65,head_5,degradation,1.03125,1.0238032341003418,2926,GCAGCA,2.00390625,3086,GCGGCA,2.130859375,3086,GCGGCA,2.130859375,2926,GCAGCA,0.12850980460643768,1460,CAGCAN,0.17934349179267883,1460,CAGCAN,0.17934349179267883,False,False,True,5.4486095905303955e-05,
1,8,65,head_5,degradation,1.015625,0.9990854263305664,2926,GCAGCA,2.009765625,3086,GCGGCA,2.134765625,3086,GCGGCA,2.134765625,2926,GCAGCA,0.12922264635562897,1460,CAGCAN,0.178218275308609,1460,CAGCAN,0.178218275308609,False,False,True,-0.00012878328561782837,
1,9,65,head_5,degradation,1.015625,0.9984075427055359,2926,GCAGCA,2.013671875,3086,GCGGCA,2.138671875,3086,GCGGCA,2.138671875,2926,GCAGCA,0.12994003295898438,1460,CAGCAN,0.17888525128364563,1460,CAGCAN,0.17888525128364563,False,False,True,-0.00043295323848724365,
1,10,65,head_5,degradation,1.0,0.977210283279419,2926,GCAGCA,2.01953125,3086,GCGGCA,2.142578125,3086,GCGGCA,2.142578125,2926,GCAGCA,0.13046856224536896,1460,CAGCAN,0.1778375208377838,1460,CAGCAN,0.1778375208377838,False,False,True,5.8397650718688965e-05,
1,11,65,head_5,degradation,1.0,0.9649936556816101,2926,GCAGCA,2.0234375,3086,GCGGCA,2.146484375,3086,GCGGCA,2.146484375,2926,GCAGCA,0.1313789039850235,1460,CAGCAN,0.17783941328525543,1460,CAGCAN,0.17783941328525543,False,False,True,-0.00034940987825393677,
1,12,65,head_5,degradation,1.03125,0.9697813391685486,2926,GCAGCA,2.0234375,3086,GCGGCA,2.150390625,3086,GCGGCA,2.150390625,2926,GCAGCA,0.13141761720180511,1460,CAGCAN,0.17823414504528046,1460,CAGCAN,0.17823414504528046,False,False,True,-0.0005331411957740784,
1,13,65,head_5,degradation,1.0,0.9495002627372742,2926,GCAGCA,2.02734375,3086,GCGGCA,2.150390625,3086,GCGGCA,2.150390625,2926,GCAGCA,0.13231539726257324,1460,CAGCAN,0.17762379348278046,1460,CAGCAN,0.17762379348278046,False,False,True,-0.0005532726645469666,
1,14,65,head_5,degradation,1.015625,0.972068727016449,2926,GCAGCA,2.01953125,3086,GCGGCA,2.14453125,3086,GCGGCA,2.14453125,2926,GCAGCA,0.1312921792268753,1460,CAGCAN,0.17827880382537842,1460,CAGCAN,0.17827880382537842,False,False,True,-0.0005062222480773926,
1,15,65,head_5,degradation,1.0,0.9868108630180359,2926,GCAGCA,2.015625,3086,GCGGCA,2.138671875,3086,GCGGCA,2.138671875,2926,GCAGCA,0.13034707307815552,1460,CAGCAN,0.17842994630336761,1460,CAGCAN,0.17842994630336761,False,False,True,-0.00018466264009475708,
1,16,65,head_5,degradation,1.0,0.981030285358429,2926,GCAGCA,2.01953125,3086,GCGGCA,2.142578125,3086,GCGGCA,2.142578125,2926,GCAGCA,0.13035403192043304,1460,CAGCAN,0.17800705134868622,1460,CAGCAN,0.17800705134868622,False,False,True,-0.00035134702920913696,
1,17,65,head_5,degradation,1.0458984375,1.0083423852920532,2926,GCAGCA,2.0078125,3086,GCGGCA,2.13671875,3086,GCGGCA,2.13671875,2926,GCAGCA,0.12906408309936523,1460,CAGCAN,0.17874807119369507,1460,CAGCAN,0.17874807119369507,False,False,True,9.544193744659424e-06,
1,18,65,head_5,degradation,1.015625,1.0117663145065308,2926,GCAGCA,2.0078125,3086,GCGGCA,2.1328125,3086,GCGGCA,2.1328125,2926,GCAGCA,0.1290590465068817,1460,CAGCAN,0.17899765074253082,1460,CAGCAN,0.17899765074253082,False,False,True,0.0001479312777519226,
1,19,65,head_5,degradation,1.015625,1.0310779809951782,2926,GCAGCA,2.00390625,3086,GCGGCA,2.12890625,3086,GCGGCA,2.12890625,2926,GCAGCA,0.1282656341791153,1460,CAGCAN,0.1796402782201767,1460,CAGCAN,0.1796402782201767,False,False,True,0.0004202798008918762,
1,20,65,head_5,degradation,1.0,0.9892086982727051,2926,GCAGCA,2.013671875,3086,GCGGCA,2.13671875,3086,GCGGCA,2.13671875,2926,GCAGCA,0.1296689808368683,1460,CAGCAN,0.17793016135692596,1460,CAGCAN,0.17793016135692596,False,False,True,-9.514391422271729e-05,
1,21,65,head_5,degradation,1.03125,0.9835537672042847,2926,GCAGCA,2.017578125,3086,GCGGCA,2.14453125,3086,GCGGCA,2.14453125,2926,GCAGCA,0.13046559691429138,1460,CAGCAN,0.17830626666545868,1460,CAGCAN,0.17830626666545868,False,False,True,3.400444984436035e-05,
1,22,65,head_5,degradation,1.0,0.9828065037727356,2926,GCAGCA,2.015625,3086,GCGGCA,2.138671875,3086,GCGGCA,2.138671875,2926,GCAGCA,0.13041788339614868,1460,CAGCAN,0.17820298671722412,1460,CAGCAN,0.17820298671722412,False,False,True,-0.00017030537128448486,
1,23,65,head_5,degradation,1.0,0.9895281195640564,2926,GCAGCA,2.013671875,3086,GCGGCA,2.13671875,3086,GCGGCA,2.13671875,2926,GCAGCA,0.13016463816165924,1460,CAGCAN,0.1784495711326599,1460,CAGCAN,0.1784495711326599,False,False,True,-0.0001531168818473816,
1,24,65,head_5,degradation,1.015625,0.9889047145843506,2926,GCAGCA,2.013671875,3086,GCGGCA,2.138671875,3086,GCGGCA,2.138671875,2926,GCAGCA,0.13047361373901367,1460,CAGCAN,0.17871218919754028,1460,CAGCAN,0.17871218919754028,False,False,True,-0.0002701506018638611,
1,25,65,head_5,degradation,1.03125,0.9792590737342834,2926,GCAGCA,2.015625,3086,GCGGCA,2.142578125,3086,GCGGCA,2.142578125,2926,GCAGCA,0.1306336522102356,1460,CAGCAN,0.17815496027469635,1460,CAGCAN,0.17815496027469635,False,False,True,-4.29004430770874e-05,
1,26,65,head_5,degradation,1.015625,0.9781184792518616,2926,GCAGCA,2.015625,3086,GCGGCA,2.140625,3086,GCGGCA,2.140625,2926,GCAGCA,0.1309996396303177,1460,CAGCAN,0.17843613028526306,1460,CAGCAN,0.17843613028526306,False,False,True,-0.0002904534339904785,
1,27,65,head_5,degradation,1.03125,0.9935463070869446,2926,GCAGCA,2.015625,3086,GCGGCA,2.142578125,3086,GCGGCA,2.142578125,2926,GCAGCA,0.12999415397644043,1460,CAGCAN,0.17857788503170013,1460,CAGCAN,0.17857788503170013,False,False,True,-0.00037553906440734863,
1,28,65,head_5,degradation,1.03125,1.0016043186187744,2926,GCAGCA,2.013671875,3086,GCGGCA,2.140625,3086,GCGGCA,2.140625,2926,GCAGCA,0.12935754656791687,1460,CAGCAN,0.17854048311710358,1460,CAGCAN,0.17854048311710358,False,False,True,0.00019338726997375488,
1,29,65,head_5,degradation,1.03125,0.9963769912719727,2926,GCAGCA,2.013671875,3086,GCGGCA,2.140625,3086,GCGGCA,2.140625,2926,GCAGCA,0.1298867166042328,1460,CAGCAN,0.17868094146251678,1460,CAGCAN,0.17868094146251678,False,False,True,0.00011640787124633789,
1,30,65,head_5,degradation,1.03125,0.9935861825942993,2926,GCAGCA,2.01171875,3086,GCGGCA,2.138671875,3086,GCGGCA,2.138671875,2926,GCAGCA,0.1298927515745163,1460,CAGCAN,0.17847944796085358,1460,CAGCAN,0.17847944796085358,False,False,True,9.093433618545532e-05,
1,31,65,head_5,degradation,1.015625,0.9926373362541199,2926,GCAGCA,2.01171875,3086,GCGGCA,2.13671875,3086,GCGGCA,2.13671875,2926,GCAGCA,0.12998095154762268,1460,CAGCAN,0.1784970909357071,1460,CAGCAN,0.1784970909357071,False,False,True,-3.332644701004028e-05,
2,0,65,head_5,degradation,1.015625,0.9820773005485535,2926,GCAGCA,2.01953125,3086,GCGGCA,2.14453125,3086,GCGGCA,2.14453125,2926,GCAGCA,0.1308278739452362,1460,CAGCAN,0.17855875194072723,1460,CAGCAN,0.17855875194072723,False,False,True,-0.0002047419548034668,
2,1,65,head_5,degradation,1.015625,0.9962419271469116,2926,GCAGCA,2.01171875,3086,GCGGCA,2.13671875,3086,GCGGCA,2.13671875,2926,GCAGCA,0.1296570897102356,1460,CAGCAN,0.17844127118587494,1460,CAGCAN,0.17844127118587494,False,False,True,0.00028671324253082275,
2,2,65,head_5,degradation,1.03125,0.9961245059967041,2926,GCAGCA,2.013671875,3086,GCGGCA,2.140625,3086,GCGGCA,2.140625,2926,GCAGCA,0.12944599986076355,1460,CAGCAN,0.1782214492559433,1460,CAGCAN,0.1782214492559433,False,False,True,0.0002841949462890625,
2,3,65,head_5,degradation,1.015625,1.0009839534759521,2926,GCAGCA,2.01171875,3086,GCGGCA,2.13671875,3086,GCGGCA,2.13671875,2926,GCAGCA,0.12945131957530975,1460,CAGCAN,0.1785881221294403,1460,CAGCAN,0.1785881221294403,False,False,True,0.0006528645753860474,
2,4,65,head_5,degradation,1.0,1.0124503374099731,2926,GCAGCA,2.009765625,3086,GCGGCA,2.1328125,3086,GCGGCA,2.1328125,2926,GCAGCA,0.12893658876419067,1460,CAGCAN,0.17892605066299438,1460,CAGCAN,0.17892605066299438,False,False,True,0.00016938894987106323,
2,5,65,head_5,degradation,1.03125,1.0165181159973145,2926,GCAGCA,2.00390625,3086,GCGGCA,2.130859375,3086,GCGGCA,2.130859375,2926,GCAGCA,0.12886443734169006,1460,CAGCAN,0.17915639281272888,1460,CAGCAN,0.17915639281272888,False,False,True,0.0005965903401374817,
2,6,65,head_5,degradation,1.0,1.0130654573440552,2926,GCAGCA,2.0078125,3086,GCGGCA,2.130859375,3086,GCGGCA,2.130859375,2926,GCAGCA,0.1289418488740921,1460,CAGCAN,0.17897705733776093,1460,CAGCAN,0.17897705733776093,False,False,True,0.0003053322434425354,
2,7,65,head_5,degradation,1.015625,1.0078775882720947,2926,GCAGCA,2.009765625,3086,GCGGCA,2.134765625,3086,GCGGCA,2.134765625,2926,GCAGCA,0.12907350063323975,1460,CAGCAN,0.17872293293476105,1460,CAGCAN,0.17872293293476105,False,False,True,0.0001120641827583313,
2,8,65,head_5,degradation,1.015625,0.9980570673942566,2926,GCAGCA,2.015625,3086,GCGGCA,2.140625,3086,GCGGCA,2.140625,2926,GCAGCA,0.12943744659423828,1460,CAGCAN,0.1783566027879715,1460,CAGCAN,0.1783566027879715,False,False,True,1.4759600162506104e-05,
2,9,65,head_5,degradation,1.015625,1.0287634134292603,2926,GCAGCA,2.0078125,3086,GCGGCA,2.1328125,3086,GCGGCA,2.1328125,2926,GCAGCA,0.1281709372997284,1460,CAGCAN,0.17937347292900085,1460,CAGCAN,0.17937347292900085,False,False,True,0.0002513676881790161,
2,10,65,head_5,degradation,1.0,1.0080283880233765,2926,GCAGCA,2.013671875,3086,GCGGCA,2.13671875,3086,GCGGCA,2.13671875,2926,GCAGCA,0.12877719104290009,1460,CAGCAN,0.17843782901763916,1460,CAGCAN,0.17843782901763916,False,False,True,0.00021100789308547974,
2,11,65,head_5,degradation,1.0,1.0180423259735107,2926,GCAGCA,2.01171875,3086,GCGGCA,2.134765625,3086,GCGGCA,2.134765625,2926,GCAGCA,0.12872080504894257,1460,CAGCAN,0.1791260987520218,1460,CAGCAN,0.1791260987520218,False,False,True,0.00021066516637802124,
2,12,65,head_5,degradation,1.03125,1.016311526298523,2926,GCAGCA,2.009765625,3086,GCGGCA,2.13671875,3086,GCGGCA,2.13671875,2926,GCAGCA,0.12879705429077148,1460,CAGCAN,0.17907364666461945,1460,CAGCAN,0.17907364666461945,False,False,True,0.00022444874048233032,
2,13,65,head_5,degradation,1.015625,0.992752194404602,2926,GCAGCA,2.015625,3086,GCGGCA,2.140625,3086,GCGGCA,2.140625,2926,GCAGCA,0.12950918078422546,1460,CAGCAN,0.17803385853767395,1460,CAGCAN,0.17803385853767395,False,False,True,-6.145238876342773e-05,
2,14,65,head_5,degradation,1.015625,0.9788178205490112,2926,GCAGCA,2.01953125,3086,GCGGCA,2.14453125,3086,GCGGCA,2.14453125,2926,GCAGCA,0.13006700575351715,1460,CAGCAN,0.17755550146102905,1460,CAGCAN,0.17755550146102905,False,False,True,6.463378667831421e-05,
2,15,65,head_5,degradation,1.0,0.9761143922805786,2926,GCAGCA,2.021484375,3086,GCGGCA,2.14453125,3086,GCGGCA,2.14453125,2926,GCAGCA,0.13093367218971252,1460,CAGCAN,0.17822113633155823,1460,CAGCAN,0.17822113633155823,False,False,True,0.00026260316371917725,
2,16,65,head_5,degradation,1.0,0.9958189129829407,2926,GCAGCA,2.013671875,3086,GCGGCA,2.13671875,3086,GCGGCA,2.13671875,2926,GCAGCA,0.12992136180400848,1460,CAGCAN,0.17867408692836761,1460,CAGCAN,0.17867408692836761,False,False,True,5.251169204711914e-05,
2,17,65,head_5,degradation,1.03125,1.0404919385910034,2926,GCAGCA,2.00390625,3086,GCGGCA,2.130859375,3086,GCGGCA,2.130859375,2926,GCAGCA,0.12795382738113403,1460,CAGCAN,0.1800285130739212,1460,CAGCAN,0.1800285130739212,False,False,True,0.00058775395154953,
2,18,65,head_5,degradation,1.03125,1.0354185104370117,2926,GCAGCA,2.001953125,3086,GCGGCA,2.12890625,3086,GCGGCA,2.12890625,2926,GCAGCA,0.12720124423503876,1460,CAGCAN,0.1788986623287201,1460,CAGCAN,0.1788986623287201,False,False,True,0.0008260831236839294,
2,19,65,head_5,degradation,1.03125,1.0370705127716064,2926,GCAGCA,1.994140625,3086,GCGGCA,2.12109375,3086,GCGGCA,2.12109375,2926,GCAGCA,0.12735551595687866,1460,CAGCAN,0.17917577922344208,1460,CAGCAN,0.17917577922344208,False,False,True,0.0015681758522987366,
2,20,65,head_5,degradation,1.0537109375,1.0158817768096924,2926,GCAGCA,1.9970703125,3086,GCGGCA,2.126953125,3086,GCGGCA,2.126953125,2926,GCAGCA,0.12814371287822723,1460,CAGCAN,0.1783883422613144,1460,CAGCAN,0.1783883422613144,False,False,True,0.0010011270642280579,
2,21,65,head_5,degradation,1.0771484375,0.9863578081130981,2926,GCAGCA,2.001953125,3086,GCGGCA,2.134765625,3086,GCGGCA,2.134765625,2926,GCAGCA,0.13040339946746826,1460,CAGCAN,0.17845258116722107,1460,CAGCAN,0.17845258116722107,False,False,True,-0.0003765672445297241,
2,22,65,head_5,degradation,1.0458984375,0.9840278625488281,2926,GCAGCA,2.01171875,3086,GCGGCA,2.140625,3086,GCGGCA,2.140625,2926,GCAGCA,0.13056175410747528,1460,CAGCAN,0.17843768000602722,1460,CAGCAN,0.17843768000602722,False,False,True,-0.0008953213691711426,
2,23,65,head_5,degradation,1.015625,0.9880176186561584,2926,GCAGCA,2.01171875,3086,GCGGCA,2.13671875,3086,GCGGCA,2.13671875,2926,GCAGCA,0.13019949197769165,1460,CAGCAN,0.1783720999956131,1460,CAGCAN,0.1783720999956131,False,False,True,-0.0001390203833580017,
2,24,65,head_5,degradation,0.96923828125,0.9973720908164978,2926,GCAGCA,2.013671875,3086,GCGGCA,2.1328125,3086,GCGGCA,2.1328125,2926,GCAGCA,0.1296776980161667,1460,CAGCAN,0.17854592204093933,1460,CAGCAN,0.17854592204093933,False,False,True,0.0004893839359283447,
2,25,65,head_5,degradation,1.0,1.0251553058624268,2926,GCAGCA,2.00390625,3086,GCGGCA,2.126953125,3086,GCGGCA,2.126953125,2926,GCAGCA,0.1284596025943756,1460,CAGCAN,0.17939382791519165,1460,CAGCAN,0.17939382791519165,False,False,True,0.0005008131265640259,
2,26,65,head_5,degradation,0.96923828125,0.9878553152084351,2926,GCAGCA,2.013671875,3086,GCGGCA,2.1328125,3086,GCGGCA,2.1328125,2926,GCAGCA,0.12995384633541107,1460,CAGCAN,0.1781143844127655,1460,CAGCAN,0.1781143844127655,False,False,True,0.0004355385899543762,
2,27,65,head_5,degradation,1.0,1.0025218725204468,2926,GCAGCA,2.01171875,3086,GCGGCA,2.134765625,3086,GCGGCA,2.134765625,2926,GCAGCA,0.1294366866350174,1460,CAGCAN,0.17868785560131073,1460,CAGCAN,0.17868785560131073,False,False,True,0.00010278075933456421,
2,28,65,head_5,degradation,1.0,1.0144352912902832,2926,GCAGCA,2.0078125,3086,GCGGCA,2.130859375,3086,GCGGCA,2.130859375,2926,GCAGCA,0.1286703497171402,1460,CAGCAN,0.17880742251873016,1460,CAGCAN,0.17880742251873016,False,False,True,6.81951642036438e-05,
2,29,65,head_5,degradation,1.015625,1.0353604555130005,2926,GCAGCA,2.00390625,3086,GCGGCA,2.12890625,3086,GCGGCA,2.12890625,2926,GCAGCA,0.1278991401195526,1460,CAGCAN,0.17959223687648773,1460,CAGCAN,0.17959223687648773,False,False,True,6.162375211715698e-05,
2,30,65,head_5,degradation,1.03125,1.0072163343429565,2926,GCAGCA,2.0078125,3086,GCGGCA,2.134765625,3086,GCGGCA,2.134765625,2926,GCAGCA,0.12924377620220184,1460,CAGCAN,0.17884403467178345,1460,CAGCAN,0.17884403467178345,False,False,True,0.0002445802092552185,
2,31,65,head_5,degradation,1.015625,0.9955605864524841,2926,GCAGCA,2.013671875,3086,GCGGCA,2.138671875,3086,GCGGCA,2.138671875,2926,GCAGCA,0.12976861000061035,1460,CAGCAN,0.1785021275281906,1460,CAGCAN,0.1785021275281906,False,False,True,0.0002716556191444397,
3,0,65,head_5,degradation,1.03125,1.0149216651916504,2926,GCAGCA,2.009765625,3086,GCGGCA,2.13671875,3086,GCGGCA,2.13671875,2926,GCAGCA,0.12893150746822357,1460,CAGCAN,0.179104745388031,1460,CAGCAN,0.179104745388031,False,False,True,0.00013353675603866577,
3,1,65,head_5,degradation,1.0,1.0162831544876099,2926,GCAGCA,2.0078125,3086,GCGGCA,2.130859375,3086,GCGGCA,2.130859375,2926,GCAGCA,0.1286168098449707,1460,CAGCAN,0.17889128625392914,1460,CAGCAN,0.17889128625392914,False,False,True,2.3953616619110107e-05,
3,2,65,head_5,degradation,1.03125,1.027806043624878,2926,GCAGCA,2.00390625,3086,GCGGCA,2.130859375,3086,GCGGCA,2.130859375,2926,GCAGCA,0.12836992740631104,1460,CAGCAN,0.1795012652873993,1460,CAGCAN,0.1795012652873993,False,False,True,0.0002912655472755432,
3,3,65,head_5,degradation,1.03125,1.0282384157180786,2926,GCAGCA,2.00390625,3086,GCGGCA,2.130859375,3086,GCGGCA,2.130859375,2926,GCAGCA,0.12796373665332794,1460,CAGCAN,0.17912723124027252,1460,CAGCAN,0.17912723124027252,False,False,True,0.0003641396760940552,
3,4,65,head_5,degradation,1.0458984375,1.0297114849090576,2926,GCAGCA,2.00390625,3086,GCGGCA,2.1328125,3086,GCGGCA,2.1328125,2926,GCAGCA,0.128141850233078,1460,CAGCAN,0.17941488325595856,1460,CAGCAN,0.17941488325595856,False,False,True,0.00031907856464385986,
3,5,65,head_5,degradation,1.015625,1.0138319730758667,2926,GCAGCA,2.0078125,3086,GCGGCA,2.1328125,3086,GCGGCA,2.1328125,2926,GCAGCA,0.1287863701581955,1460,CAGCAN,0.1788785755634308,1460,CAGCAN,0.1788785755634308,False,False,True,0.0005697458982467651,
3,6,65,head_5,degradation,1.015625,0.9983624219894409,2926,GCAGCA,2.013671875,3086,GCGGCA,2.138671875,3086,GCGGCA,2.138671875,2926,GCAGCA,0.12992382049560547,1460,CAGCAN,0.1788656860589981,1460,CAGCAN,0.1788656860589981,False,False,True,-8.816272020339966e-05,
3,7,65,head_5,degradation,1.015625,1.0062916278839111,2926,GCAGCA,2.009765625,3086,GCGGCA,2.134765625,3086,GCGGCA,2.134765625,2926,GCAGCA,0.1293063461780548,1460,CAGCAN,0.1788378357887268,1460,CAGCAN,0.1788378357887268,False,False,True,0.00011245906352996826,
3,8,65,head_5,degradation,1.015625,0.993764340877533,2926,GCAGCA,2.013671875,3086,GCGGCA,2.138671875,3086,GCGGCA,2.138671875,2926,GCAGCA,0.1296737641096115,1460,CAGCAN,0.17827370762825012,1460,CAGCAN,0.17827370762825012,False,False,True,-6.303936243057251e-05,
3,9,65,head_5,degradation,1.03125,1.0224777460098267,2926,GCAGCA,2.00390625,3086,GCGGCA,2.130859375,3086,GCGGCA,2.130859375,2926,GCAGCA,0.12812268733978271,1460,CAGCAN,0.17885780334472656,1460,CAGCAN,0.17885780334472656,False,False,True,0.00046540796756744385,
3,10,65,head_5,degradation,1.015625,0.9948756694793701,2926,GCAGCA,2.013671875,3086,GCGGCA,2.138671875,3086,GCGGCA,2.138671875,2926,GCAGCA,0.12949544191360474,1460,CAGCAN,0.17817802727222443,1460,CAGCAN,0.17817802727222443,False,False,True,0.0002551227807998657,
3,11,65,head_5,degradation,1.03125,1.0093011856079102,2926,GCAGCA,2.013671875,3086,GCGGCA,2.140625,3086,GCGGCA,2.140625,2926,GCAGCA,0.1286979466676712,1460,CAGCAN,0.1784532368183136,1460,CAGCAN,0.1784532368183136,False,False,True,1.8417835235595703e-05,
3,12,65,head_5,degradation,1.0,0.9999945759773254,2926,GCAGCA,2.0234375,3086,GCGGCA,2.146484375,3086,GCGGCA,2.146484375,2926,GCAGCA,0.12957358360290527,1460,CAGCAN,0.1786368191242218,1460,CAGCAN,0.1786368191242218,False,False,True,-0.00045046955347061157,
3,13,65,head_5,degradation,1.015625,1.0240683555603027,2926,GCAGCA,2.013671875,3086,GCGGCA,2.138671875,3086,GCGGCA,2.138671875,2926,GCAGCA,0.12831784784793854,1460,CAGCAN,0.17917124927043915,1460,CAGCAN,0.17917124927043915,False,False,True,2.882629632949829e-05,
3,14,65,head_5,degradation,1.015625,1.015733003616333,2926,GCAGCA,2.0078125,3086,GCGGCA,2.1328125,3086,GCGGCA,2.1328125,2926,GCAGCA,0.12881988286972046,1460,CAGCAN,0.17905345559120178,1460,CAGCAN,0.17905345559120178,False,False,True,6.057322025299072e-06,
3,15,65,head_5,degradation,1.015625,1.007196307182312,2926,GCAGCA,2.0078125,3086,GCGGCA,2.1328125,3086,GCGGCA,2.1328125,2926,GCAGCA,0.12926828861236572,1460,CAGCAN,0.17886705696582794,1460,CAGCAN,0.17886705696582794,False,False,True,0.000349193811416626,
3,16,65,head_5,degradation,1.0,1.0203850269317627,2926,GCAGCA,2.009765625,3086,GCGGCA,2.1328125,3086,GCGGCA,2.1328125,2926,GCAGCA,0.12909570336341858,1460,CAGCAN,0.17967520654201508,1460,CAGCAN,0.17967520654201508,False,False,True,0.0002436712384223938,
3,17,65,head_5,degradation,1.03125,1.0323231220245361,2926,GCAGCA,2.00390625,3086,GCGGCA,2.130859375,3086,GCGGCA,2.130859375,2926,GCAGCA,0.12775327265262604,1460,CAGCAN,0.179220512509346,1460,CAGCAN,0.179220512509346,False,False,True,0.000162564218044281,
3,18,65,head_5,degradation,1.015625,1.0290461778640747,2926,GCAGCA,2.0078125,3086,GCGGCA,2.1328125,3086,GCGGCA,2.1328125,2926,GCAGCA,0.127813458442688,1460,CAGCAN,0.17903701961040497,1460,CAGCAN,0.17903701961040497,False,False,True,-0.00017764419317245483,
3,19,65,head_5,degradation,1.015625,1.0074700117111206,2926,GCAGCA,2.01171875,3086,GCGGCA,2.13671875,3086,GCGGCA,2.13671875,2926,GCAGCA,0.12910817563533783,1460,CAGCAN,0.17872729897499084,1460,CAGCAN,0.17872729897499084,False,False,True,-0.00043510645627975464,
3,20,65,head_5,degradation,1.015625,1.0018935203552246,2926,GCAGCA,2.009765625,3086,GCGGCA,2.134765625,3086,GCGGCA,2.134765625,2926,GCAGCA,0.12930665910243988,1460,CAGCAN,0.1785110980272293,1460,CAGCAN,0.1785110980272293,False,False,True,-0.0005034059286117554,
3,21,65,head_5,degradation,1.0458984375,1.0054289102554321,2926,GCAGCA,2.013671875,3086,GCGGCA,2.142578125,3086,GCGGCA,2.142578125,2926,GCAGCA,0.1294955164194107,1460,CAGCAN,0.1789628565311432,1460,CAGCAN,0.1789628565311432,False,False,True,-0.0005894377827644348,
3,22,65,head_5,degradation,1.015625,1.0286226272583008,2926,GCAGCA,2.009765625,3086,GCGGCA,2.134765625,3086,GCGGCA,2.134765625,2926,GCAGCA,0.12850867211818695,1460,CAGCAN,0.17970073223114014,1460,CAGCAN,0.17970073223114014,False,False,True,-0.0001633167266845703,
3,23,65,head_5,degradation,1.015625,0.9965460896492004,2926,GCAGCA,2.01953125,3086,GCGGCA,2.14453125,3086,GCGGCA,2.14453125,2926,GCAGCA,0.12985484302043915,1460,CAGCAN,0.17866164445877075,1460,CAGCAN,0.17866164445877075,False,False,True,-3.2648444175720215e-05,
3,24,65,head_5,degradation,1.0458984375,1.0088980197906494,2926,GCAGCA,2.01171875,3086,GCGGCA,2.140625,3086,GCGGCA,2.140625,2926,GCAGCA,0.129555344581604,1460,CAGCAN,0.17928065359592438,1460,CAGCAN,0.17928065359592438,False,False,True,-0.00014071911573410034,
3,25,65,head_5,degradation,0.984375,0.9877979755401611,2926,GCAGCA,2.01953125,3086,GCGGCA,2.140625,3086,GCGGCA,2.140625,2926,GCAGCA,0.1301700472831726,1460,CAGCAN,0.1783263236284256,1460,CAGCAN,0.1783263236284256,False,False,True,0.00013896077871322632,
3,26,65,head_5,degradation,1.03125,1.020806074142456,2926,GCAGCA,2.009765625,3086,GCGGCA,2.13671875,3086,GCGGCA,2.13671875,2926,GCAGCA,0.12893091142177582,1460,CAGCAN,0.1795417219400406,1460,CAGCAN,0.1795417219400406,False,False,True,-7.103383541107178e-05,
3,27,65,head_5,degradation,1.015625,0.9837269186973572,2926,GCAGCA,2.01953125,3086,GCGGCA,2.14453125,3086,GCGGCA,2.14453125,2926,GCAGCA,0.1300050914287567,1460,CAGCAN,0.1778586357831955,1460,CAGCAN,0.1778586357831955,False,False,True,1.0117888450622559e-05,
3,28,65,head_5,degradation,1.015625,1.021484136581421,2926,GCAGCA,2.0078125,3086,GCGGCA,2.1328125,3086,GCGGCA,2.1328125,2926,GCAGCA,0.128850057721138,1460,CAGCAN,0.17951129376888275,1460,CAGCAN,0.17951129376888275,False,False,True,8.106231689453125e-05,
3,29,65,head_5,degradation,1.0458984375,1.0014948844909668,2926,GCAGCA,2.013671875,3086,GCGGCA,2.142578125,3086,GCGGCA,2.142578125,2926,GCAGCA,0.1297600418329239,1460,CAGCAN,0.17893484234809875,1460,CAGCAN,0.17893484234809875,False,False,True,0.0004066675901412964,
3,30,65,head_5,degradation,1.015625,1.0260590314865112,2926,GCAGCA,2.0078125,3086,GCGGCA,2.1328125,3086,GCGGCA,2.1328125,2926,GCAGCA,0.1284288913011551,1460,CAGCAN,0.17943032085895538,1460,CAGCAN,0.17943032085895538,False,False,True,0.000311143696308136,
3,31,65,head_5,degradation,1.015625,1.019957184791565,2926,GCAGCA,2.0078125,3086,GCGGCA,2.1328125,3086,GCGGCA,2.1328125,2926,GCAGCA,0.1290704309940338,1460,CAGCAN,0.17961812019348145,1460,CAGCAN,0.17961812019348145,False,False,True,0.00046290457248687744,
4,0,65,head_5,degradation,1.015625,1.00824773311615,2926,GCAGCA,2.013671875,3086,GCGGCA,2.138671875,3086,GCGGCA,2.138671875,2926,GCAGCA,0.1291876584291458,1460,CAGCAN,0.17886461317539215,1460,CAGCAN,0.17886461317539215,False,False,True,4.3839216232299805e-05,
4,1,65,head_5,degradation,1.015625,0.9849761128425598,2926,GCAGCA,2.01953125,3086,GCGGCA,2.14453125,3086,GCGGCA,2.14453125,2926,GCAGCA,0.13042014837265015,1460,CAGCAN,0.17836658656597137,1460,CAGCAN,0.17836658656597137,False,False,True,0.00022760778665542603,
4,2,65,head_5,degradation,1.0,0.9921281933784485,2926,GCAGCA,2.01171875,3086,GCGGCA,2.134765625,3086,GCGGCA,2.134765625,2926,GCAGCA,0.13022297620773315,1460,CAGCAN,0.178701251745224,1460,CAGCAN,0.178701251745224,False,False,True,0.00029515475034713745,
4,3,65,head_5,degradation,1.0,0.9892914891242981,2926,GCAGCA,2.013671875,3086,GCGGCA,2.13671875,3086,GCGGCA,2.13671875,2926,GCAGCA,0.12956160306930542,1460,CAGCAN,0.17782893776893616,1460,CAGCAN,0.17782893776893616,False,False,True,0.00013022124767303467,
4,4,65,head_5,degradation,1.0,0.9883657097816467,2926,GCAGCA,2.013671875,3086,GCGGCA,2.13671875,3086,GCGGCA,2.13671875,2926,GCAGCA,0.12950056791305542,1460,CAGCAN,0.17769905924797058,1460,CAGCAN,0.17769905924797058,False,False,True,0.00024427473545074463,
4,5,65,head_5,degradation,1.015625,0.9912077784538269,2926,GCAGCA,2.015625,3086,GCGGCA,2.140625,3086,GCGGCA,2.140625,2926,GCAGCA,0.12972526252269745,1460,CAGCAN,0.17813509702682495,1460,CAGCAN,0.17813509702682495,False,False,True,0.0001352652907371521,
4,6,65,head_5,degradation,1.015625,0.9867908358573914,2926,GCAGCA,2.015625,3086,GCGGCA,2.140625,3086,GCGGCA,2.140625,2926,GCAGCA,0.12976954877376556,1460,CAGCAN,0.17785093188285828,1460,CAGCAN,0.17785093188285828,False,False,True,0.00026247650384902954,
4,7,65,head_5,degradation,1.015625,1.0044236183166504,2926,GCAGCA,2.01171875,3086,GCGGCA,2.13671875,3086,GCGGCA,2.13671875,2926,GCAGCA,0.12940698862075806,1460,CAGCAN,0.178799569606781,1460,CAGCAN,0.178799569606781,False,False,True,0.0002594292163848877,
4,8,65,head_5,degradation,0.984375,0.9680301547050476,2926,GCAGCA,2.0234375,3086,GCGGCA,2.14453125,3086,GCGGCA,2.14453125,2926,GCAGCA,0.13130368292331696,1460,CAGCAN,0.17798998951911926,1460,CAGCAN,0.17798998951911926,False,False,True,8.853524923324585e-05,
4,9,65,head_5,degradation,1.0,0.9839511513710022,2926,GCAGCA,2.01953125,3086,GCGGCA,2.142578125,3086,GCGGCA,2.142578125,2926,GCAGCA,0.1305387020111084,1460,CAGCAN,0.1784089207649231,1460,CAGCAN,0.1784089207649231,False,False,True,0.0003277584910392761,
4,10,65,head_5,degradation,1.015625,0.9890899062156677,2926,GCAGCA,2.009765625,3086,GCGGCA,2.134765625,3086,GCGGCA,2.134765625,2926,GCAGCA,0.13009878993034363,1460,CAGCAN,0.17835113406181335,1460,CAGCAN,0.17835113406181335,False,False,True,0.0014230385422706604,
4,11,65,head_5,degradation,1.0,1.0126376152038574,2926,GCAGCA,2.0078125,3086,GCGGCA,2.130859375,3086,GCGGCA,2.130859375,2926,GCAGCA,0.12931843101978302,1460,CAGCAN,0.17932182550430298,1460,CAGCAN,0.17932182550430298,False,False,True,0.0016716644167900085,
4,12,65,head_5,degradation,1.03125,1.0166537761688232,2926,GCAGCA,2.009765625,3086,GCGGCA,2.13671875,3086,GCGGCA,2.13671875,2926,GCAGCA,0.12851987779140472,1460,CAGCAN,0.17882192134857178,1460,CAGCAN,0.17882192134857178,False,False,True,0.0012508407235145569,
4,13,65,head_5,degradation,1.03125,1.0404250621795654,2926,GCAGCA,2.00390625,3086,GCGGCA,2.130859375,3086,GCGGCA,2.130859375,2926,GCAGCA,0.1267099827528,1460,CAGCAN,0.1787796914577484,1460,CAGCAN,0.1787796914577484,False,False,True,0.0009973794221878052,
4,14,65,head_5,degradation,1.0615234375,1.0738470554351807,2926,GCAGCA,1.994140625,3086,GCGGCA,2.125,3086,GCGGCA,2.125,2926,GCAGCA,0.12573842704296112,1460,CAGCAN,0.18029345571994781,1460,CAGCAN,0.18029345571994781,False,False,True,0.0010360702872276306,
4,15,65,head_5,degradation,1.03125,1.072001338005066,2926,GCAGCA,1.9921875,3086,GCGGCA,2.119140625,3086,GCGGCA,2.119140625,2926,GCAGCA,0.12580248713493347,1460,CAGCAN,0.18022026121616364,1460,CAGCAN,0.18022026121616364,False,False,True,0.0011102333664894104,
4,16,65,head_5,degradation,1.03125,1.0536396503448486,2926,GCAGCA,1.998046875,3086,GCGGCA,2.125,3086,GCGGCA,2.125,2926,GCAGCA,0.12639112770557404,1460,CAGCAN,0.17944349348545074,1460,CAGCAN,0.17944349348545074,False,False,True,0.0010427013039588928,
4,17,65,head_5,degradation,1.03125,1.0285238027572632,2926,GCAGCA,2.005859375,3086,GCGGCA,2.1328125,3086,GCGGCA,2.1328125,2926,GCAGCA,0.1274649202823639,1460,CAGCAN,0.1786496341228485,1460,CAGCAN,0.1786496341228485,False,False,True,0.0003127753734588623,
4,18,65,head_5,degradation,1.015625,0.9935623407363892,2926,GCAGCA,2.01953125,3086,GCGGCA,2.14453125,3086,GCGGCA,2.14453125,2926,GCAGCA,0.1293584406375885,1460,CAGCAN,0.1779433637857437,1460,CAGCAN,0.1779433637857437,False,False,True,-4.2475759983062744e-05,
4,19,65,head_5,degradation,1.015625,0.9880576729774475,2926,GCAGCA,2.015625,3086,GCGGCA,2.140625,3086,GCGGCA,2.140625,2926,GCAGCA,0.1297893226146698,1460,CAGCAN,0.17796491086483002,1460,CAGCAN,0.17796491086483002,False,False,True,8.121877908706665e-05,
4,20,65,head_5,degradation,0.96923828125,0.9803122878074646,2926,GCAGCA,2.025390625,3086,GCGGCA,2.14453125,3086,GCGGCA,2.14453125,2926,GCAGCA,0.12970495223999023,1460,CAGCAN,0.17730458080768585,1460,CAGCAN,0.17730458080768585,False,False,True,0.0004545822739601135,
4,21,65,head_5,degradation,1.015625,1.017219066619873,2926,GCAGCA,2.01171875,3086,GCGGCA,2.13671875,3086,GCGGCA,2.13671875,2926,GCAGCA,0.12834174931049347,1460,CAGCAN,0.17868582904338837,1460,CAGCAN,0.17868582904338837,False,False,True,0.000333443284034729,
4,22,65,head_5,degradation,1.015625,1.0489823818206787,2926,GCAGCA,2.001953125,3086,GCGGCA,2.126953125,3086,GCGGCA,2.126953125,2926,GCAGCA,0.12632820010185242,1460,CAGCAN,0.1790342479944229,1460,CAGCAN,0.1790342479944229,False,False,True,0.0009191855788230896,
4,23,65,head_5,degradation,1.0,1.0259137153625488,2926,GCAGCA,2.0078125,3086,GCGGCA,2.130859375,3086,GCGGCA,2.130859375,2926,GCAGCA,0.12781812250614166,1460,CAGCAN,0.17880874872207642,1460,CAGCAN,0.17880874872207642,False,False,True,0.0006425008177757263,
4,24,65,head_5,degradation,1.03125,1.0395220518112183,2926,GCAGCA,2.0,3086,GCGGCA,2.126953125,3086,GCGGCA,2.126953125,2926,GCAGCA,0.12783722579479218,1460,CAGCAN,0.17983978986740112,1460,CAGCAN,0.17983978986740112,False,False,True,0.001333579421043396,
4,25,65,head_5,degradation,1.03125,1.0342354774475098,2926,GCAGCA,1.998046875,3086,GCGGCA,2.125,3086,GCGGCA,2.125,2926,GCAGCA,0.1277531236410141,1460,CAGCAN,0.17936256527900696,1460,CAGCAN,0.17936256527900696,False,False,True,0.0006746724247932434,
4,26,65,head_5,degradation,1.0,1.012277603149414,2926,GCAGCA,2.009765625,3086,GCGGCA,2.1328125,3086,GCGGCA,2.1328125,2926,GCAGCA,0.1288612186908722,1460,CAGCAN,0.1788378357887268,1460,CAGCAN,0.1788378357887268,False,False,True,0.00023309141397476196,
4,27,65,head_5,degradation,1.0615234375,1.0254958868026733,2926,GCAGCA,2.009765625,3086,GCGGCA,2.140625,3086,GCGGCA,2.140625,2926,GCAGCA,0.12832342088222504,1460,CAGCAN,0.17928297817707062,1460,CAGCAN,0.17928297817707062,False,False,True,0.0003135949373245239,
4,28,65,head_5,degradation,1.03125,1.0294708013534546,2926,GCAGCA,2.013671875,3086,GCGGCA,2.140625,3086,GCGGCA,2.140625,2926,GCAGCA,0.12781724333763123,1460,CAGCAN,0.17907238006591797,1460,CAGCAN,0.17907238006591797,False,False,True,0.00017175078392028809,
4,29,65,head_5,degradation,1.015625,1.0507091283798218,2926,GCAGCA,2.009765625,3086,GCGGCA,2.134765625,3086,GCGGCA,2.134765625,2926,GCAGCA,0.1269780844449997,1460,CAGCAN,0.17981253564357758,1460,CAGCAN,0.17981253564357758,False,False,True,0.0002164989709854126,
4,30,65,head_5,degradation,1.015625,1.0418672561645508,2926,GCAGCA,2.0078125,3086,GCGGCA,2.1328125,3086,GCGGCA,2.1328125,2926,GCAGCA,0.1279754936695099,1460,CAGCAN,0.18015244603157043,1460,CAGCAN,0.18015244603157043,False,False,True,-5.9448182582855225e-05,
4,31,65,head_5,degradation,1.0,0.9935827851295471,2926,GCAGCA,2.017578125,3086,GCGGCA,2.140625,3086,GCGGCA,2.140625,2926,GCAGCA,0.1301838904619217,1460,CAGCAN,0.17877033352851868,1460,CAGCAN,0.17877033352851868,False,False,True,0.00032453984022140503,
5,0,65,head_5,degradation,1.015625,0.9928125143051147,2926,GCAGCA,2.015625,3086,GCGGCA,2.140625,3086,GCGGCA,2.140625,2926,GCAGCA,0.12952838838100433,1460,CAGCAN,0.17805755138397217,1460,CAGCAN,0.17805755138397217,False,False,True,-4.427134990692139e-05,
5,1,65,head_5,degradation,1.03125,1.0331369638442993,2926,GCAGCA,2.0078125,3086,GCGGCA,2.134765625,3086,GCGGCA,2.134765625,2926,GCAGCA,0.1282508373260498,1460,CAGCAN,0.179778590798378,1460,CAGCAN,0.179778590798378,False,False,True,0.00025535374879837036,
5,2,65,head_5,degradation,1.03125,1.0261996984481812,2926,GCAGCA,2.009765625,3086,GCGGCA,2.13671875,3086,GCGGCA,2.13671875,2926,GCAGCA,0.12815241515636444,1460,CAGCAN,0.17916430532932281,1460,CAGCAN,0.17916430532932281,False,False,True,0.0001484602689743042,
5,3,65,head_5,degradation,1.03125,1.026900291442871,2926,GCAGCA,2.013671875,3086,GCGGCA,2.140625,3086,GCGGCA,2.140625,2926,GCAGCA,0.12866927683353424,1460,CAGCAN,0.1797332614660263,1460,CAGCAN,0.1797332614660263,False,False,True,-0.00015954673290252686,
5,4,65,head_5,degradation,0.984375,0.9920708537101746,2926,GCAGCA,2.0234375,3086,GCGGCA,2.14453125,3086,GCGGCA,2.14453125,2926,GCAGCA,0.13045355677604675,1460,CAGCAN,0.17892757058143616,1460,CAGCAN,0.17892757058143616,False,False,True,-0.0002572685480117798,
5,5,65,head_5,degradation,1.015625,1.0058835744857788,2926,GCAGCA,2.017578125,3086,GCGGCA,2.142578125,3086,GCGGCA,2.142578125,2926,GCAGCA,0.12943392992019653,1460,CAGCAN,0.17893508076667786,1460,CAGCAN,0.17893508076667786,False,False,True,9.474903345108032e-05,
5,6,65,head_5,degradation,1.0,0.9845985770225525,2926,GCAGCA,2.021484375,3086,GCGGCA,2.14453125,3086,GCGGCA,2.14453125,2926,GCAGCA,0.13029199838638306,1460,CAGCAN,0.17821036279201508,1460,CAGCAN,0.17821036279201508,False,False,True,-7.68899917602539e-05,
5,7,65,head_5,degradation,1.03125,0.9905433058738708,2926,GCAGCA,2.017578125,3086,GCGGCA,2.14453125,3086,GCGGCA,2.14453125,2926,GCAGCA,0.12960012257099152,1460,CAGCAN,0.17796054482460022,1460,CAGCAN,0.17796054482460022,False,False,True,-0.00013644248247146606,
5,8,65,head_5,degradation,1.0,1.0146712064743042,2926,GCAGCA,2.013671875,3086,GCGGCA,2.13671875,3086,GCGGCA,2.13671875,2926,GCAGCA,0.1291438341140747,1460,CAGCAN,0.17929844558238983,1460,CAGCAN,0.17929844558238983,False,False,True,-0.00011087208986282349,
5,9,65,head_5,degradation,1.015625,1.0327223539352417,2926,GCAGCA,2.0078125,3086,GCGGCA,2.1328125,3086,GCGGCA,2.1328125,2926,GCAGCA,0.1275760680437088,1460,CAGCAN,0.17907299101352692,1460,CAGCAN,0.17907299101352692,False,False,True,5.2012503147125244e-05,
5,10,65,head_5,degradation,1.015625,1.0022882223129272,2926,GCAGCA,2.015625,3086,GCGGCA,2.140625,3086,GCGGCA,2.140625,2926,GCAGCA,0.12951284646987915,1460,CAGCAN,0.17874664068222046,1460,CAGCAN,0.17874664068222046,False,False,True,-0.00011722743511199951,
5,11,65,head_5,degradation,1.0,0.9709097146987915,2926,GCAGCA,2.029296875,3086,GCGGCA,2.15234375,3086,GCGGCA,2.15234375,2926,GCAGCA,0.13094525039196014,1460,CAGCAN,0.17784568667411804,1460,CAGCAN,0.17784568667411804,False,False,True,-0.0004409179091453552,
5,12,65,head_5,degradation,0.96923828125,0.9666955471038818,2926,GCAGCA,2.03125,3086,GCGGCA,2.150390625,3086,GCGGCA,2.150390625,2926,GCAGCA,0.13123835623264313,1460,CAGCAN,0.1778254210948944,1460,CAGCAN,0.1778254210948944,False,False,True,-7.58543610572815e-05,
5,13,65,head_5,degradation,0.984375,0.9470828175544739,2926,GCAGCA,2.037109375,3086,GCGGCA,2.158203125,3086,GCGGCA,2.158203125,2926,GCAGCA,0.13224907219409943,1460,CAGCAN,0.17737770080566406,1460,CAGCAN,0.17737770080566406,False,False,True,-3.365427255630493e-05,
5,14,65,head_5,degradation,1.0,0.9992753863334656,2926,GCAGCA,2.017578125,3086,GCGGCA,2.140625,3086,GCGGCA,2.140625,2926,GCAGCA,0.12972772121429443,1460,CAGCAN,0.17873747646808624,1460,CAGCAN,0.17873747646808624,False,False,True,0.00011161714792251587,
5,15,65,head_5,degradation,1.03125,1.031365156173706,2926,GCAGCA,2.009765625,3086,GCGGCA,2.13671875,3086,GCGGCA,2.13671875,2926,GCAGCA,0.12827105820178986,1460,CAGCAN,0.17966705560684204,1460,CAGCAN,0.17966705560684204,False,False,True,-1.583993434906006e-05,
5,16,65,head_5,degradation,1.03125,1.009187936782837,2926,GCAGCA,2.01171875,3086,GCGGCA,2.138671875,3086,GCGGCA,2.138671875,2926,GCAGCA,0.129057377576828,1460,CAGCAN,0.17880424857139587,1460,CAGCAN,0.17880424857139587,False,False,True,-0.002326950430870056,
5,17,65,head_5,degradation,0.96923828125,0.8880042433738708,2926,GCAGCA,2.048828125,3086,GCGGCA,2.16796875,3086,GCGGCA,2.16796875,2926,GCAGCA,0.13519729673862457,1460,CAGCAN,0.17593275010585785,1460,CAGCAN,0.17593275010585785,False,False,True,-0.004337489604949951,
5,18,65,head_5,degradation,0.95361328125,0.8173230886459351,2926,GCAGCA,2.0625,3086,GCGGCA,2.1796875,3086,GCGGCA,2.1796875,2926,GCAGCA,0.13958126306533813,1460,CAGCAN,0.17506074905395508,1460,CAGCAN,0.17506074905395508,False,False,True,-0.00576753169298172,
5,19,65,head_5,degradation,0.90771484375,0.7954110503196716,2926,GCAGCA,2.05859375,3086,GCGGCA,2.169921875,3086,GCGGCA,2.169921875,2926,GCAGCA,0.140715092420578,1460,CAGCAN,0.1745651662349701,1460,CAGCAN,0.1745651662349701,False,False,True,-0.004901453852653503,
5,20,65,head_5,degradation,0.9384765625,0.8817968368530273,2926,GCAGCA,2.037109375,3086,GCGGCA,2.15234375,3086,GCGGCA,2.15234375,2926,GCAGCA,0.13716213405132294,1460,CAGCAN,0.1774359941482544,1460,CAGCAN,0.1774359941482544,False,False,True,-0.0031160935759544373,
5,21,65,head_5,degradation,0.984375,0.9560543298721313,2926,GCAGCA,2.017578125,3086,GCGGCA,2.138671875,3086,GCGGCA,2.138671875,2926,GCAGCA,0.13257162272930145,1460,CAGCAN,0.17836739122867584,1460,CAGCAN,0.17836739122867584,False,False,True,-0.0012846142053604126,
5,22,65,head_5,degradation,1.0,1.0143303871154785,2926,GCAGCA,2.01171875,3086,GCGGCA,2.134765625,3086,GCGGCA,2.134765625,2926,GCAGCA,0.12906448543071747,1460,CAGCAN,0.17919375002384186,1460,CAGCAN,0.17919375002384186,False,False,True,-0.0006664395332336426,
5,23,65,head_5,degradation,1.0615234375,1.0398433208465576,2926,GCAGCA,2.005859375,3086,GCGGCA,2.13671875,3086,GCGGCA,2.13671875,2926,GCAGCA,0.1272776573896408,1460,CAGCAN,0.1793041080236435,1460,CAGCAN,0.1793041080236435,False,False,True,0.00022707879543304443,
5,24,65,head_5,degradation,1.015625,0.9921371936798096,2926,GCAGCA,2.0234375,3086,GCGGCA,2.1484375,3086,GCGGCA,2.1484375,2926,GCAGCA,0.12922070920467377,1460,CAGCAN,0.17769965529441833,1460,CAGCAN,0.17769965529441833,False,False,True,0.00046876072883605957,
5,25,65,head_5,degradation,1.03125,1.0223684310913086,2926,GCAGCA,2.015625,3086,GCGGCA,2.142578125,3086,GCGGCA,2.142578125,2926,GCAGCA,0.12880836427211761,1460,CAGCAN,0.17953535914421082,1460,CAGCAN,0.17953535914421082,False,False,True,-8.121877908706665e-05,
5,26,65,head_5,degradation,1.0,1.0043057203292847,2926,GCAGCA,2.015625,3086,GCGGCA,2.138671875,3086,GCGGCA,2.138671875,2926,GCAGCA,0.1301526129245758,1460,CAGCAN,0.17953643202781677,1460,CAGCAN,0.17953643202781677,False,False,True,8.490681648254395e-05,
5,27,65,head_5,degradation,0.984375,1.0216879844665527,2926,GCAGCA,2.009765625,3086,GCGGCA,2.130859375,3086,GCGGCA,2.130859375,2926,GCAGCA,0.1284647434949875,1460,CAGCAN,0.17914113402366638,1460,CAGCAN,0.17914113402366638,False,False,True,0.0005628690123558044,
5,28,65,head_5,degradation,1.015625,1.00312077999115,2926,GCAGCA,2.015625,3086,GCGGCA,2.140625,3086,GCGGCA,2.140625,2926,GCAGCA,0.12916028499603271,1460,CAGCAN,0.17845599353313446,1460,CAGCAN,0.17845599353313446,False,False,True,0.00037776678800582886,
5,29,65,head_5,degradation,1.015625,1.0095362663269043,2926,GCAGCA,2.01171875,3086,GCGGCA,2.13671875,3086,GCGGCA,2.13671875,2926,GCAGCA,0.12909629940986633,1460,CAGCAN,0.1788690686225891,1460,CAGCAN,0.1788690686225891,False,False,True,0.0005461573600769043,
5,30,65,head_5,degradation,1.015625,1.0231105089187622,2926,GCAGCA,2.0078125,3086,GCGGCA,2.1328125,3086,GCGGCA,2.1328125,2926,GCAGCA,0.12876763939857483,1460,CAGCAN,0.17954981327056885,1460,CAGCAN,0.17954981327056885,False,False,True,0.0005074888467788696,
5,31,65,head_5,degradation,1.0,0.9731029272079468,2926,GCAGCA,2.01953125,3086,GCGGCA,2.142578125,3086,GCGGCA,2.142578125,2926,GCAGCA,0.13090042769908905,1460,CAGCAN,0.1779639571905136,1460,CAGCAN,0.1779639571905136,False,False,True,0.00031381845474243164,
6,0,65,head_5,degradation,0.984375,0.9992046356201172,2926,GCAGCA,2.015625,3086,GCGGCA,2.13671875,3086,GCGGCA,2.13671875,2926,GCAGCA,0.12966328859329224,1460,CAGCAN,0.17866778373718262,1460,CAGCAN,0.17866778373718262,False,False,True,0.00046819448471069336,
6,1,65,head_5,degradation,1.03125,1.0128309726715088,2926,GCAGCA,2.009765625,3086,GCGGCA,2.13671875,3086,GCGGCA,2.13671875,2926,GCAGCA,0.12909415364265442,1460,CAGCAN,0.17911192774772644,1460,CAGCAN,0.17911192774772644,False,False,True,0.0005851387977600098,
6,2,65,head_5,degradation,1.015625,1.0203720331192017,2926,GCAGCA,2.005859375,3086,GCGGCA,2.130859375,3086,GCGGCA,2.130859375,2926,GCAGCA,0.1284383088350296,1460,CAGCAN,0.1790168434381485,1460,CAGCAN,0.1790168434381485,False,False,True,0.00037015974521636963,
6,3,65,head_5,degradation,1.015625,0.9867896437644958,2926,GCAGCA,2.01953125,3086,GCGGCA,2.14453125,3086,GCGGCA,2.14453125,2926,GCAGCA,0.13019536435604095,1460,CAGCAN,0.1782766580581665,1460,CAGCAN,0.1782766580581665,False,False,True,7.96392560005188e-05,
6,4,65,head_5,degradation,1.015625,1.00723135471344,2926,GCAGCA,2.01171875,3086,GCGGCA,2.13671875,3086,GCGGCA,2.13671875,2926,GCAGCA,0.12904781103134155,1460,CAGCAN,0.1786491870880127,1460,CAGCAN,0.1786491870880127,False,False,True,0.00045525282621383667,
6,5,65,head_5,degradation,1.0,1.0022932291030884,2926,GCAGCA,2.013671875,3086,GCGGCA,2.13671875,3086,GCGGCA,2.13671875,2926,GCAGCA,0.12941350042819977,1460,CAGCAN,0.17864766716957092,1460,CAGCAN,0.17864766716957092,False,False,True,0.00033911317586898804,
6,6,65,head_5,degradation,1.015625,0.9906657338142395,2926,GCAGCA,2.015625,3086,GCGGCA,2.140625,3086,GCGGCA,2.140625,2926,GCAGCA,0.12990891933441162,1460,CAGCAN,0.17827844619750977,1460,CAGCAN,0.17827844619750977,False,False,True,0.00015667080879211426,
6,7,65,head_5,degradation,1.015625,1.0058047771453857,2926,GCAGCA,2.013671875,3086,GCGGCA,2.138671875,3086,GCGGCA,2.138671875,2926,GCAGCA,0.129211887717247,1460,CAGCAN,0.17870718240737915,1460,CAGCAN,0.17870718240737915,False,False,True,4.448741674423218e-05,
6,8,65,head_5,degradation,1.015625,1.029431700706482,2926,GCAGCA,2.0078125,3086,GCGGCA,2.1328125,3086,GCGGCA,2.1328125,2926,GCAGCA,0.1278167963027954,1460,CAGCAN,0.17906902730464935,1460,CAGCAN,0.17906902730464935,False,False,True,8.518993854522705e-05,
6,9,65,head_5,degradation,1.03125,1.0058571100234985,2926,GCAGCA,2.015625,3086,GCGGCA,2.142578125,3086,GCGGCA,2.142578125,2926,GCAGCA,0.1290016770362854,1460,CAGCAN,0.17850086092948914,1460,CAGCAN,0.17850086092948914,False,False,True,-0.00013431906700134277,
6,10,65,head_5,degradation,0.984375,0.9737030863761902,2926,GCAGCA,2.025390625,3086,GCGGCA,2.146484375,3086,GCGGCA,2.146484375,2926,GCAGCA,0.13076038658618927,1460,CAGCAN,0.1778685450553894,1460,CAGCAN,0.1778685450553894,False,False,True,-0.00015822798013687134,
6,11,65,head_5,degradation,1.03125,1.021268606185913,2926,GCAGCA,2.009765625,3086,GCGGCA,2.13671875,3086,GCGGCA,2.13671875,2926,GCAGCA,0.128656268119812,1460,CAGCAN,0.17930147051811218,1460,CAGCAN,0.17930147051811218,False,False,True,0.000589907169342041,
6,12,65,head_5,degradation,1.015625,1.0108706951141357,2926,GCAGCA,2.0078125,3086,GCGGCA,2.1328125,3086,GCGGCA,2.1328125,2926,GCAGCA,0.1287742406129837,1460,CAGCAN,0.1786462366580963,1460,CAGCAN,0.1786462366580963,False,False,True,0.000574164092540741,
6,13,65,head_5,degradation,1.03125,1.0481820106506348,2926,GCAGCA,1.994140625,3086,GCGGCA,2.12109375,3086,GCGGCA,2.12109375,2926,GCAGCA,0.1265132874250412,1460,CAGCAN,0.17915982007980347,1460,CAGCAN,0.17915982007980347,False,False,True,0.0010338500142097473,
6,14,65,head_5,degradation,0.984375,1.0407596826553345,2926,GCAGCA,2.0,3086,GCGGCA,2.12109375,3086,GCGGCA,2.12109375,2926,GCAGCA,0.12756507098674774,1460,CAGCAN,0.1796596646308899,1460,CAGCAN,0.1796596646308899,False,False,True,-0.0001950487494468689,
6,15,65,head_5,degradation,0.96923828125,0.9787434935569763,2926,GCAGCA,2.013671875,3086,GCGGCA,2.1328125,3086,GCGGCA,2.1328125,2926,GCAGCA,0.12985923886299133,1460,CAGCAN,0.17734220623970032,1460,CAGCAN,0.17734220623970032,False,False,True,0.0009058937430381775,
6,16,65,head_5,degradation,0.9384765625,0.9286705851554871,2926,GCAGCA,2.029296875,3086,GCGGCA,2.14453125,3086,GCGGCA,2.14453125,2926,GCAGCA,0.13204780220985413,1460,CAGCAN,0.17580726742744446,1460,CAGCAN,0.17580726742744446,False,False,True,0.0007342621684074402,
6,17,65,head_5,degradation,0.96923828125,0.9954373836517334,2926,GCAGCA,2.0078125,3086,GCGGCA,2.126953125,3086,GCGGCA,2.126953125,2926,GCAGCA,0.12892206013202667,1460,CAGCAN,0.17764641344547272,1460,CAGCAN,0.17764641344547272,False,False,True,0.0016278699040412903,
6,18,65,head_5,degradation,1.015625,1.0519577264785767,2926,GCAGCA,2.0,3086,GCGGCA,2.125,3086,GCGGCA,2.125,2926,GCAGCA,0.12747253477573395,1460,CAGCAN,0.1803998351097107,1460,CAGCAN,0.1803998351097107,False,False,True,-0.0007364004850387573,
6,19,65,head_5,degradation,1.0458984375,1.0906983613967896,2926,GCAGCA,1.98828125,3086,GCGGCA,2.1171875,3086,GCGGCA,2.1171875,2926,GCAGCA,0.12542645633220673,1460,CAGCAN,0.18123456835746765,1460,CAGCAN,0.18123456835746765,False,False,True,-0.0010102838277816772,
6,20,65,head_5,degradation,1.0,0.9984321594238281,2926,GCAGCA,2.009765625,3086,GCGGCA,2.1328125,3086,GCGGCA,2.1328125,2926,GCAGCA,0.12974222004413605,1460,CAGCAN,0.17868927121162415,1460,CAGCAN,0.17868927121162415,False,False,True,-0.0006629303097724915,
6,21,65,head_5,degradation,1.0,0.978909969329834,2926,GCAGCA,2.013671875,3086,GCGGCA,2.13671875,3086,GCGGCA,2.13671875,2926,GCAGCA,0.13012291491031647,1460,CAGCAN,0.17761826515197754,1460,CAGCAN,0.17761826515197754,False,False,True,0.00047907978296279907,
6,22,65,head_5,degradation,1.015625,0.9817268252372742,2926,GCAGCA,2.015625,3086,GCGGCA,2.140625,3086,GCGGCA,2.140625,2926,GCAGCA,0.13045848906040192,1460,CAGCAN,0.1781633049249649,1460,CAGCAN,0.1781633049249649,False,False,True,0.0005199536681175232,
6,23,65,head_5,degradation,1.0,0.9777958393096924,2926,GCAGCA,2.01953125,3086,GCGGCA,2.142578125,3086,GCGGCA,2.142578125,2926,GCAGCA,0.1304987668991089,1460,CAGCAN,0.17791126668453217,1460,CAGCAN,0.17791126668453217,False,False,True,0.0005459040403366089,
6,24,65,head_5,degradation,0.984375,0.983744740486145,2926,GCAGCA,2.017578125,3086,GCGGCA,2.138671875,3086,GCGGCA,2.138671875,2926,GCAGCA,0.1300603300333023,1460,CAGCAN,0.17791520059108734,1460,CAGCAN,0.17791520059108734,False,False,True,0.0006828457117080688,
6,25,65,head_5,degradation,1.015625,0.9804405570030212,2926,GCAGCA,2.015625,3086,GCGGCA,2.140625,3086,GCGGCA,2.140625,2926,GCAGCA,0.12979735434055328,1460,CAGCAN,0.17740651965141296,1460,CAGCAN,0.17740651965141296,False,False,True,0.000567995011806488,
6,26,65,head_5,degradation,0.984375,0.9947746992111206,2926,GCAGCA,2.01171875,3086,GCGGCA,2.1328125,3086,GCGGCA,2.1328125,2926,GCAGCA,0.12912195920944214,1460,CAGCAN,0.17779703438282013,1460,CAGCAN,0.17779703438282013,False,False,True,0.0005144774913787842,
6,27,65,head_5,degradation,1.015625,1.0021675825119019,2926,GCAGCA,2.015625,3086,GCGGCA,2.140625,3086,GCGGCA,2.140625,2926,GCAGCA,0.12933878600597382,1460,CAGCAN,0.17856360971927643,1460,CAGCAN,0.17856360971927643,False,False,True,0.0005226582288742065,
6,28,65,head_5,degradation,1.03125,1.0096462965011597,2926,GCAGCA,2.01171875,3086,GCGGCA,2.138671875,3086,GCGGCA,2.138671875,2926,GCAGCA,0.12875725328922272,1460,CAGCAN,0.17853820323944092,1460,CAGCAN,0.17853820323944092,False,False,True,0.0005266591906547546,
6,29,65,head_5,degradation,1.0,0.9907625317573547,2926,GCAGCA,2.015625,3086,GCGGCA,2.138671875,3086,GCGGCA,2.138671875,2926,GCAGCA,0.1302284300327301,1460,CAGCAN,0.17860515415668488,1460,CAGCAN,0.17860515415668488,False,False,True,0.0004973113536834717,
6,30,65,head_5,degradation,1.015625,0.9774900674819946,2926,GCAGCA,2.01953125,3086,GCGGCA,2.14453125,3086,GCGGCA,2.14453125,2926,GCAGCA,0.1309983879327774,1460,CAGCAN,0.17838814854621887,1460,CAGCAN,0.17838814854621887,False,False,True,0.0001907646656036377,
6,31,65,head_5,degradation,0.89208984375,0.9105520844459534,2926,GCAGCA,2.03125,3086,GCGGCA,2.140625,3086,GCGGCA,2.140625,2926,GCAGCA,0.1339769810438156,1460,CAGCAN,0.17638912796974182,1460,CAGCAN,0.17638912796974182,False,False,True,0.00021839141845703125,
7,0,65,head_5,degradation,1.03125,0.9984980821609497,2926,GCAGCA,2.0078125,3086,GCGGCA,2.134765625,3086,GCGGCA,2.134765625,2926,GCAGCA,0.12985645234584808,1460,CAGCAN,0.17880840599536896,1460,CAGCAN,0.17880840599536896,False,False,True,-0.00010308623313903809,
7,1,65,head_5,degradation,0.984375,1.0030856132507324,2926,GCAGCA,2.02734375,3086,GCGGCA,2.1484375,3086,GCGGCA,2.1484375,2926,GCAGCA,0.12969762086868286,1460,CAGCAN,0.1789907068014145,1460,CAGCAN,0.1789907068014145,False,False,True,-0.001302473247051239,
7,2,65,head_5,degradation,0.984375,1.012825608253479,2926,GCAGCA,2.033203125,3086,GCGGCA,2.154296875,3086,GCGGCA,2.154296875,2926,GCAGCA,0.12926265597343445,1460,CAGCAN,0.17928002774715424,1460,CAGCAN,0.17928002774715424,False,False,True,-0.0014649182558059692,
7,3,65,head_5,degradation,0.984375,1.0011680126190186,2926,GCAGCA,2.02734375,3086,GCGGCA,2.1484375,3086,GCGGCA,2.1484375,2926,GCAGCA,0.13004958629608154,1460,CAGCAN,0.17920008301734924,1460,CAGCAN,0.17920008301734924,False,False,True,-0.0013950467109680176,
7,4,65,head_5,degradation,1.03125,0.9874919652938843,2926,GCAGCA,2.009765625,3086,GCGGCA,2.13671875,3086,GCGGCA,2.13671875,2926,GCAGCA,0.13025569915771484,1460,CAGCAN,0.17838922142982483,1460,CAGCAN,0.17838922142982483,False,False,True,0.000545017421245575,
7,5,65,head_5,degradation,1.0,0.9876036047935486,2926,GCAGCA,2.009765625,3086,GCGGCA,2.1328125,3086,GCGGCA,2.1328125,2926,GCAGCA,0.13032975792884827,1460,CAGCAN,0.17847158014774323,1460,CAGCAN,0.17847158014774323,False,False,True,0.00037544965744018555,
7,6,65,head_5,degradation,1.0,1.027854084968567,2926,GCAGCA,2.013671875,3086,GCGGCA,2.13671875,3086,GCGGCA,2.13671875,2926,GCAGCA,0.12835144996643066,1460,CAGCAN,0.17948636412620544,1460,CAGCAN,0.17948636412620544,False,False,True,-0.0010456070303916931,
7,7,65,head_5,degradation,1.0,1.0277504920959473,2926,GCAGCA,2.017578125,3086,GCGGCA,2.140625,3086,GCGGCA,2.140625,2926,GCAGCA,0.12847651541233063,1460,CAGCAN,0.1796037256717682,1460,CAGCAN,0.1796037256717682,False,False,True,-0.0011744648218154907,
7,8,65,head_5,degradation,1.0,1.027302622795105,2926,GCAGCA,2.013671875,3086,GCGGCA,2.13671875,3086,GCGGCA,2.13671875,2926,GCAGCA,0.12850308418273926,1460,CAGCAN,0.17959699034690857,1460,CAGCAN,0.17959699034690857,False,False,True,-0.0008100196719169617,
7,9,65,head_5,degradation,1.03125,1.036112666130066,2926,GCAGCA,2.009765625,3086,GCGGCA,2.13671875,3086,GCGGCA,2.13671875,2926,GCAGCA,0.12773272395133972,1460,CAGCAN,0.17948175966739655,1460,CAGCAN,0.17948175966739655,False,False,True,-0.0006390959024429321,
7,10,65,head_5,degradation,1.03125,1.019205927848816,2926,GCAGCA,2.01953125,3086,GCGGCA,2.146484375,3086,GCGGCA,2.146484375,2926,GCAGCA,0.12891383469104767,1460,CAGCAN,0.17940565943717957,1460,CAGCAN,0.17940565943717957,False,False,True,-0.0009344667196273804,
7,11,65,head_5,degradation,1.03125,0.9489291906356812,2926,GCAGCA,2.044921875,3086,GCGGCA,2.171875,3086,GCGGCA,2.171875,2926,GCAGCA,0.13254010677337646,1460,CAGCAN,0.1778060346841812,1460,CAGCAN,0.1778060346841812,False,False,True,-0.002044565975666046,
7,12,65,head_5,degradation,0.984375,0.9244917035102844,2926,GCAGCA,2.05078125,3086,GCGGCA,2.171875,3086,GCGGCA,2.171875,2926,GCAGCA,0.13383528590202332,1460,CAGCAN,0.17728400230407715,1460,CAGCAN,0.17728400230407715,False,False,True,-0.0017799735069274902,
7,13,65,head_5,degradation,1.015625,0.9460319876670837,2926,GCAGCA,2.0390625,3086,GCGGCA,2.1640625,3086,GCGGCA,2.1640625,2926,GCAGCA,0.13189351558685303,1460,CAGCAN,0.17694400250911713,1460,CAGCAN,0.17694400250911713,False,False,True,-0.0012331083416938782,
7,14,65,head_5,degradation,1.015625,0.967932939529419,2926,GCAGCA,2.029296875,3086,GCGGCA,2.154296875,3086,GCGGCA,2.154296875,2926,GCAGCA,0.13125284016132355,1460,CAGCAN,0.17793191969394684,1460,CAGCAN,0.17793191969394684,False,False,True,0.00024831295013427734,
7,15,65,head_5,degradation,1.03125,1.035010576248169,2926,GCAGCA,2.009765625,3086,GCGGCA,2.13671875,3086,GCGGCA,2.13671875,2926,GCAGCA,0.1284266859292984,1460,CAGCAN,0.18009376525878906,1460,CAGCAN,0.18009376525878906,False,False,True,0.0006384477019309998,
7,16,65,head_5,degradation,1.03125,1.008374571800232,2926,GCAGCA,2.017578125,3086,GCGGCA,2.14453125,3086,GCGGCA,2.14453125,2926,GCAGCA,0.12914828956127167,1460,CAGCAN,0.1788346767425537,1460,CAGCAN,0.1788346767425537,False,False,True,0.0003365054726600647,
7,17,65,head_5,degradation,1.0,1.0164786577224731,2926,GCAGCA,2.025390625,3086,GCGGCA,2.1484375,3086,GCGGCA,2.1484375,2926,GCAGCA,0.1292571872472763,1460,CAGCAN,0.17954620718955994,1460,CAGCAN,0.17954620718955994,False,False,True,-0.00106724351644516,
7,18,65,head_5,degradation,1.0,0.9686791896820068,2926,GCAGCA,2.041015625,3086,GCGGCA,2.1640625,3086,GCGGCA,2.1640625,2926,GCAGCA,0.13161548972129822,1460,CAGCAN,0.1783500611782074,1460,CAGCAN,0.1783500611782074,False,False,True,-0.0019353479146957397,
7,19,65,head_5,degradation,1.0,0.9781739711761475,2926,GCAGCA,2.033203125,3086,GCGGCA,2.15625,3086,GCGGCA,2.15625,2926,GCAGCA,0.13134261965751648,1460,CAGCAN,0.17878323793411255,1460,CAGCAN,0.17878323793411255,False,False,True,-0.001741744577884674,
7,20,65,head_5,degradation,1.015625,1.001929521560669,2926,GCAGCA,2.021484375,3086,GCGGCA,2.146484375,3086,GCGGCA,2.146484375,2926,GCAGCA,0.12980930507183075,1460,CAGCAN,0.17901642620563507,1460,CAGCAN,0.17901642620563507,False,False,True,-0.00044482946395874023,
7,21,65,head_5,degradation,1.0615234375,1.0040446519851685,2926,GCAGCA,2.015625,3086,GCGGCA,2.146484375,3086,GCGGCA,2.146484375,2926,GCAGCA,0.1291833072900772,1460,CAGCAN,0.1785477101802826,1460,CAGCAN,0.1785477101802826,False,False,True,0.0005749911069869995,
7,22,65,head_5,degradation,1.0615234375,1.0098901987075806,2926,GCAGCA,2.013671875,3086,GCGGCA,2.14453125,3086,GCGGCA,2.14453125,2926,GCAGCA,0.12877598404884338,1460,CAGCAN,0.1785750687122345,1460,CAGCAN,0.1785750687122345,False,False,True,0.0002468377351760864,
7,23,65,head_5,degradation,1.0458984375,1.0179954767227173,2926,GCAGCA,2.013671875,3086,GCGGCA,2.142578125,3086,GCGGCA,2.142578125,2926,GCAGCA,0.12814870476722717,1460,CAGCAN,0.17855051159858704,1460,CAGCAN,0.17855051159858704,False,False,True,0.0004835575819015503,
7,24,65,head_5,degradation,1.03125,1.0062055587768555,2926,GCAGCA,2.01953125,3086,GCGGCA,2.146484375,3086,GCGGCA,2.146484375,2926,GCAGCA,0.13043810427188873,1460,CAGCAN,0.17996320128440857,1460,CAGCAN,0.17996320128440857,False,False,True,-0.0003743395209312439,
7,25,65,head_5,degradation,1.03125,1.0142097473144531,2926,GCAGCA,2.013671875,3086,GCGGCA,2.140625,3086,GCGGCA,2.140625,2926,GCAGCA,0.12982675433158875,1460,CAGCAN,0.17994704842567444,1460,CAGCAN,0.17994704842567444,False,False,True,-0.00027160346508026123,
7,26,65,head_5,degradation,1.03125,1.0226296186447144,2926,GCAGCA,2.0078125,3086,GCGGCA,2.134765625,3086,GCGGCA,2.134765625,2926,GCAGCA,0.12919943034648895,1460,CAGCAN,0.17994584143161774,1460,CAGCAN,0.17994584143161774,False,False,True,-0.00029844045639038086,
7,27,65,head_5,degradation,1.0,0.9689310789108276,2926,GCAGCA,2.0234375,3086,GCGGCA,2.146484375,3086,GCGGCA,2.146484375,2926,GCAGCA,0.13103456795215607,1460,CAGCAN,0.1777878701686859,1460,CAGCAN,0.1777878701686859,False,False,True,-0.000268302857875824,
7,28,65,head_5,degradation,1.0,0.9638288021087646,2926,GCAGCA,2.0234375,3086,GCGGCA,2.146484375,3086,GCGGCA,2.146484375,2926,GCAGCA,0.13158726692199707,1460,CAGCAN,0.17796115577220917,1460,CAGCAN,0.17796115577220917,False,False,True,-0.00023368000984191895,
7,29,65,head_5,degradation,0.96923828125,0.9654052257537842,2926,GCAGCA,2.02734375,3086,GCGGCA,2.146484375,3086,GCGGCA,2.146484375,2926,GCAGCA,0.13118192553520203,1460,CAGCAN,0.17767304182052612,1460,CAGCAN,0.17767304182052612,False,False,True,-0.00023620575666427612,
7,30,65,head_5,degradation,0.90771484375,0.9506821632385254,2926,GCAGCA,2.013671875,3086,GCGGCA,2.125,3086,GCGGCA,2.125,2926,GCAGCA,0.1309403032064438,1460,CAGCAN,0.17633658647537231,1460,CAGCAN,0.17633658647537231,False,False,True,0.0009993985295295715,
7,31,65,head_5,degradation,0.89208984375,0.8984050154685974,2926,GCAGCA,2.03515625,3086,GCGGCA,2.14453125,3086,GCGGCA,2.14453125,2926,GCAGCA,0.13366247713565826,1460,CAGCAN,0.17517134547233582,1460,CAGCAN,0.17517134547233582,False,False,True,0.0002121850848197937,
8,0,65,head_5,degradation,1.03125,1.0174658298492432,2926,GCAGCA,2.009765625,3086,GCGGCA,2.13671875,3086,GCGGCA,2.13671875,2926,GCAGCA,0.1287020742893219,1460,CAGCAN,0.17906449735164642,1460,CAGCAN,0.17906449735164642,False,False,True,-4.427134990692139e-05,
8,1,65,head_5,degradation,1.03125,1.0170191526412964,2926,GCAGCA,2.009765625,3086,GCGGCA,2.13671875,3086,GCGGCA,2.13671875,2926,GCAGCA,0.12892480194568634,1460,CAGCAN,0.17925401031970978,1460,CAGCAN,0.17925401031970978,False,False,True,0.00010326504707336426,
8,2,65,head_5,degradation,1.015625,0.9919484257698059,2926,GCAGCA,2.017578125,3086,GCGGCA,2.142578125,3086,GCGGCA,2.142578125,2926,GCAGCA,0.12997500598430634,1460,CAGCAN,0.1784399151802063,1460,CAGCAN,0.1784399151802063,False,False,True,-7.570534944534302e-05,
8,3,65,head_5,degradation,1.015625,1.0194791555404663,2926,GCAGCA,2.01171875,3086,GCGGCA,2.13671875,3086,GCGGCA,2.13671875,2926,GCAGCA,0.1285264939069748,1460,CAGCAN,0.1790386289358139,1460,CAGCAN,0.1790386289358139,False,False,True,0.00032545626163482666,
8,4,65,head_5,degradation,1.03125,1.0109361410140991,2926,GCAGCA,2.017578125,3086,GCGGCA,2.14453125,3086,GCGGCA,2.14453125,2926,GCAGCA,0.12910425662994385,1460,CAGCAN,0.17898112535476685,1460,CAGCAN,0.17898112535476685,False,False,True,-5.69075345993042e-05,
8,5,65,head_5,degradation,1.015625,1.0120558738708496,2926,GCAGCA,2.015625,3086,GCGGCA,2.140625,3086,GCGGCA,2.140625,2926,GCAGCA,0.1285940259695053,1460,CAGCAN,0.17855416238307953,1460,CAGCAN,0.17855416238307953,False,False,True,-0.00013566762208938599,
8,6,65,head_5,degradation,0.96923828125,0.9714186787605286,2926,GCAGCA,2.03125,3086,GCGGCA,2.150390625,3086,GCGGCA,2.150390625,2926,GCAGCA,0.13029637932777405,1460,CAGCAN,0.17723466455936432,1460,CAGCAN,0.17723466455936432,False,False,True,-6.727874279022217e-06,
8,7,65,head_5,degradation,0.96923828125,0.9785588979721069,2926,GCAGCA,2.02734375,3086,GCGGCA,2.146484375,3086,GCGGCA,2.146484375,2926,GCAGCA,0.13021481037139893,1460,CAGCAN,0.17768405377864838,1460,CAGCAN,0.17768405377864838,False,False,True,0.00018727034330368042,
8,8,65,head_5,degradation,0.95361328125,0.9568913578987122,2926,GCAGCA,2.029296875,3086,GCGGCA,2.146484375,3086,GCGGCA,2.146484375,2926,GCAGCA,0.13077391684055328,1460,CAGCAN,0.17663192749023438,1460,CAGCAN,0.17663192749023438,False,False,True,0.0005316436290740967,
8,9,65,head_5,degradation,1.015625,1.0430054664611816,2926,GCAGCA,2.00390625,3086,GCGGCA,2.12890625,3086,GCGGCA,2.12890625,2926,GCAGCA,0.12611179053783417,1460,CAGCAN,0.17837338149547577,1460,CAGCAN,0.17837338149547577,False,False,True,-3.2454729080200195e-05,
8,10,65,head_5,degradation,1.03125,1.0977463722229004,2926,GCAGCA,1.990234375,3086,GCGGCA,2.1171875,3086,GCGGCA,2.1171875,2926,GCAGCA,0.1238396167755127,1460,CAGCAN,0.18017183244228363,1460,CAGCAN,0.18017183244228363,False,False,True,0.0011354610323905945,
8,11,65,head_5,degradation,1.0927734375,1.2086350917816162,2926,GCAGCA,1.958984375,3086,GCGGCA,2.09375,3086,GCGGCA,2.09375,2926,GCAGCA,0.11910300701856613,1460,CAGCAN,0.18368108570575714,1460,CAGCAN,0.18368108570575714,False,False,True,0.0008266642689704895,
8,12,65,head_5,degradation,1.107421875,1.2633455991744995,2926,GCAGCA,1.93359375,3086,GCGGCA,2.0703125,3086,GCGGCA,2.0703125,2926,GCAGCA,0.11676385998725891,1460,CAGCAN,0.1854103058576584,1460,CAGCAN,0.1854103058576584,False,False,True,0.0014102086424827576,
8,13,65,head_5,degradation,1.0849609375,1.1426887512207031,2926,GCAGCA,1.9736328125,3086,GCGGCA,2.107421875,3086,GCGGCA,2.107421875,2926,GCAGCA,0.12392386794090271,1460,CAGCAN,0.18359807133674622,1460,CAGCAN,0.18359807133674622,False,False,True,-0.0010429173707962036,
8,14,65,head_5,degradation,1.03125,1.024354100227356,2926,GCAGCA,2.009765625,3086,GCGGCA,2.13671875,3086,GCGGCA,2.13671875,2926,GCAGCA,0.13030081987380981,1460,CAGCAN,0.18117547035217285,1460,CAGCAN,0.18117547035217285,False,False,True,-0.0009365305304527283,
8,15,65,head_5,degradation,1.0,0.9171192049980164,2926,GCAGCA,2.044921875,3086,GCGGCA,2.16796875,3086,GCGGCA,2.16796875,2926,GCAGCA,0.13564875721931458,1460,CAGCAN,0.17854924499988556,1460,CAGCAN,0.17854924499988556,False,False,True,-0.001056186854839325,
8,16,65,head_5,degradation,1.015625,0.9948834776878357,2926,GCAGCA,2.01953125,3086,GCGGCA,2.14453125,3086,GCGGCA,2.14453125,2926,GCAGCA,0.13109774887561798,1460,CAGCAN,0.17978091537952423,1460,CAGCAN,0.17978091537952423,False,False,True,-0.0012605637311935425,
8,17,65,head_5,degradation,0.984375,0.9760961532592773,2926,GCAGCA,2.025390625,3086,GCGGCA,2.146484375,3086,GCGGCA,2.146484375,2926,GCAGCA,0.1307118535041809,1460,CAGCAN,0.17799796164035797,1460,CAGCAN,0.17799796164035797,False,False,True,-0.0010094940662384033,
8,18,65,head_5,degradation,1.03125,0.9736486077308655,2926,GCAGCA,2.0234375,3086,GCGGCA,2.150390625,3086,GCGGCA,2.150390625,2926,GCAGCA,0.1306813657283783,1460,CAGCAN,0.1777854710817337,1460,CAGCAN,0.1777854710817337,False,False,True,-0.0017538070678710938,
8,19,65,head_5,degradation,1.015625,0.9869852066040039,2926,GCAGCA,2.021484375,3086,GCGGCA,2.146484375,3086,GCGGCA,2.146484375,2926,GCAGCA,0.12987452745437622,1460,CAGCAN,0.17797036468982697,1460,CAGCAN,0.17797036468982697,False,False,True,-0.002290584146976471,
8,20,65,head_5,degradation,1.0615234375,0.9841224551200867,2926,GCAGCA,2.015625,3086,GCGGCA,2.146484375,3086,GCGGCA,2.146484375,2926,GCAGCA,0.13036586344242096,1460,CAGCAN,0.1782488226890564,1460,CAGCAN,0.1782488226890564,False,False,True,-0.002168901264667511,
8,21,65,head_5,degradation,1.015625,1.0071111917495728,2926,GCAGCA,2.0078125,3086,GCGGCA,2.1328125,3086,GCGGCA,2.1328125,2926,GCAGCA,0.12944409251213074,1460,CAGCAN,0.17903652787208557,1460,CAGCAN,0.17903652787208557,False,False,True,-0.001726679503917694,
8,22,65,head_5,degradation,1.0458984375,1.024048089981079,2926,GCAGCA,2.0078125,3086,GCGGCA,2.13671875,3086,GCGGCA,2.13671875,2926,GCAGCA,0.1291045993566513,1460,CAGCAN,0.17995649576187134,1460,CAGCAN,0.17995649576187134,False,False,True,0.00014019012451171875,
8,23,65,head_5,degradation,1.015625,1.0113393068313599,2926,GCAGCA,2.01171875,3086,GCGGCA,2.13671875,3086,GCGGCA,2.13671875,2926,GCAGCA,0.12961456179618835,1460,CAGCAN,0.17952141165733337,1460,CAGCAN,0.17952141165733337,False,False,True,0.00029653310775756836,
8,24,65,head_5,degradation,1.015625,1.0259130001068115,2926,GCAGCA,2.009765625,3086,GCGGCA,2.134765625,3086,GCGGCA,2.134765625,2926,GCAGCA,0.12841534614562988,1460,CAGCAN,0.17940591275691986,1460,CAGCAN,0.17940591275691986,False,False,True,0.0006333738565444946,
8,25,65,head_5,degradation,1.015625,1.037652850151062,2926,GCAGCA,2.0078125,3086,GCGGCA,2.1328125,3086,GCGGCA,2.1328125,2926,GCAGCA,0.1278935819864273,1460,CAGCAN,0.17975714802742004,1460,CAGCAN,0.17975714802742004,False,False,True,0.0005687475204467773,
8,26,65,head_5,degradation,1.03125,1.0191298723220825,2926,GCAGCA,2.009765625,3086,GCGGCA,2.13671875,3086,GCGGCA,2.13671875,2926,GCAGCA,0.12849514186382294,1460,CAGCAN,0.17898130416870117,1460,CAGCAN,0.17898130416870117,False,False,True,0.00046206265687942505,
8,27,65,head_5,degradation,1.0,1.0147030353546143,2926,GCAGCA,2.009765625,3086,GCGGCA,2.1328125,3086,GCGGCA,2.1328125,2926,GCAGCA,0.12920628488063812,1460,CAGCAN,0.17936326563358307,1460,CAGCAN,0.17936326563358307,False,False,True,0.0003634914755821228,
8,28,65,head_5,degradation,1.03125,1.0079025030136108,2926,GCAGCA,2.009765625,3086,GCGGCA,2.13671875,3086,GCGGCA,2.13671875,2926,GCAGCA,0.12900744378566742,1460,CAGCAN,0.17865872383117676,1460,CAGCAN,0.17865872383117676,False,False,True,0.0002832859754562378,
8,29,65,head_5,degradation,1.015625,0.9960734248161316,2926,GCAGCA,2.009765625,3086,GCGGCA,2.134765625,3086,GCGGCA,2.134765625,2926,GCAGCA,0.12962372601032257,1460,CAGCAN,0.1783953756093979,1460,CAGCAN,0.1783953756093979,False,False,True,0.0005197227001190186,
8,30,65,head_5,degradation,1.0458984375,1.013403296470642,2926,GCAGCA,2.00390625,3086,GCGGCA,2.1328125,3086,GCGGCA,2.1328125,2926,GCAGCA,0.12876763939857483,1460,CAGCAN,0.17882797122001648,1460,CAGCAN,0.17882797122001648,False,False,True,0.0006593689322471619,
8,31,65,head_5,degradation,1.0380859375,1.0289349555969238,2926,GCAGCA,1.9970703125,3086,GCGGCA,2.125,3086,GCGGCA,2.125,2926,GCAGCA,0.12823711335659027,1460,CAGCAN,0.17945240437984467,1460,CAGCAN,0.17945240437984467,False,False,True,0.0005559846758842468,
9,0,65,head_5,degradation,1.015625,1.018287181854248,2926,GCAGCA,2.0078125,3086,GCGGCA,2.1328125,3086,GCGGCA,2.1328125,2926,GCAGCA,0.12836340069770813,1460,CAGCAN,0.17878690361976624,1460,CAGCAN,0.17878690361976624,False,False,True,0.00032824277877807617,
9,1,65,head_5,degradation,1.03125,1.0168570280075073,2926,GCAGCA,2.009765625,3086,GCGGCA,2.13671875,3086,GCGGCA,2.13671875,2926,GCAGCA,0.12837733328342438,1460,CAGCAN,0.178694486618042,1460,CAGCAN,0.178694486618042,False,False,True,3.548711538314819e-05,
9,2,65,head_5,degradation,0.984375,1.006347894668579,2926,GCAGCA,2.01953125,3086,GCGGCA,2.140625,3086,GCGGCA,2.140625,2926,GCAGCA,0.12923894822597504,1460,CAGCAN,0.1787746250629425,1460,CAGCAN,0.1787746250629425,False,False,True,-0.00020420551300048828,
9,3,65,head_5,degradation,0.96923828125,1.0062859058380127,2926,GCAGCA,2.0234375,3086,GCGGCA,2.142578125,3086,GCGGCA,2.142578125,2926,GCAGCA,0.12922699749469757,1460,CAGCAN,0.17875806987285614,1460,CAGCAN,0.17875806987285614,False,False,True,-0.000483877956867218,
9,4,65,head_5,degradation,0.984375,1.0245047807693481,2926,GCAGCA,2.01953125,3086,GCGGCA,2.140625,3086,GCGGCA,2.140625,2926,GCAGCA,0.12876653671264648,1460,CAGCAN,0.1796523928642273,1460,CAGCAN,0.1796523928642273,False,False,True,-0.00035140663385391235,
9,5,65,head_5,degradation,1.0,1.0286921262741089,2926,GCAGCA,2.015625,3086,GCGGCA,2.138671875,3086,GCGGCA,2.138671875,2926,GCAGCA,0.12863872945308685,1460,CAGCAN,0.1798359602689743,1460,CAGCAN,0.1798359602689743,False,False,True,-0.00024537742137908936,
9,6,65,head_5,degradation,0.984375,1.0265297889709473,2926,GCAGCA,2.01953125,3086,GCGGCA,2.140625,3086,GCGGCA,2.140625,2926,GCAGCA,0.12855154275894165,1460,CAGCAN,0.1795879751443863,1460,CAGCAN,0.1795879751443863,False,False,True,-0.00022254884243011475,
9,7,65,head_5,degradation,0.984375,1.0179355144500732,2926,GCAGCA,2.017578125,3086,GCGGCA,2.138671875,3086,GCGGCA,2.138671875,2926,GCAGCA,0.12878428399562836,1460,CAGCAN,0.17918163537979126,1460,CAGCAN,0.17918163537979126,False,False,True,-3.930926322937012e-05,
9,8,65,head_5,degradation,1.0,0.9994022250175476,2926,GCAGCA,2.021484375,3086,GCGGCA,2.14453125,3086,GCGGCA,2.14453125,2926,GCAGCA,0.1295291632413864,1460,CAGCAN,0.17854835093021393,1460,CAGCAN,0.17854835093021393,False,False,True,-0.0003159567713737488,
9,9,65,head_5,degradation,0.95361328125,0.9971218109130859,2926,GCAGCA,2.01953125,3086,GCGGCA,2.13671875,3086,GCGGCA,2.13671875,2926,GCAGCA,0.1297512650489807,1460,CAGCAN,0.17860087752342224,1460,CAGCAN,0.17860087752342224,False,False,True,-0.00023179501295089722,
9,10,65,head_5,degradation,0.984375,0.9834319353103638,2926,GCAGCA,2.017578125,3086,GCGGCA,2.138671875,3086,GCGGCA,2.138671875,2926,GCAGCA,0.13020381331443787,1460,CAGCAN,0.1780354231595993,1460,CAGCAN,0.1780354231595993,False,False,True,-0.0007296577095985413,
9,11,65,head_5,degradation,1.0,0.9948955178260803,2926,GCAGCA,2.013671875,3086,GCGGCA,2.13671875,3086,GCGGCA,2.13671875,2926,GCAGCA,0.12991274893283844,1460,CAGCAN,0.17859680950641632,1460,CAGCAN,0.17859680950641632,False,False,True,-0.00012125074863433838,
9,12,65,head_5,degradation,1.1923828125,1.3190299272537231,2926,GCAGCA,1.8994140625,3086,GCGGCA,2.046875,3086,GCGGCA,2.046875,2926,GCAGCA,0.11468996852636337,1460,CAGCAN,0.18747718632221222,1460,CAGCAN,0.18747718632221222,False,False,True,0.0029916688799858093,
9,13,65,head_5,degradation,1.1767578125,1.3202495574951172,2926,GCAGCA,1.9033203125,3086,GCGGCA,2.048828125,3086,GCGGCA,2.048828125,2926,GCAGCA,0.11446376144886017,1460,CAGCAN,0.18734167516231537,1460,CAGCAN,0.18734167516231537,False,False,True,0.0029702261090278625,
9,14,65,head_5,degradation,1.2080078125,1.3167227506637573,2926,GCAGCA,1.9052734375,3086,GCGGCA,2.0546875,3086,GCGGCA,2.0546875,2926,GCAGCA,0.11529743671417236,1460,CAGCAN,0.18791308999061584,1460,CAGCAN,0.18791308999061584,False,False,True,0.0025739818811416626,
9,15,65,head_5,degradation,1.015625,1.0027180910110474,2926,GCAGCA,2.01953125,3086,GCGGCA,2.14453125,3086,GCGGCA,2.14453125,2926,GCAGCA,0.12994958460330963,1460,CAGCAN,0.17921534180641174,1460,CAGCAN,0.17921534180641174,False,False,True,-0.0016360655426979065,
9,16,65,head_5,degradation,1.0771484375,0.9664546847343445,2926,GCAGCA,2.01953125,3086,GCGGCA,2.15234375,3086,GCGGCA,2.15234375,2926,GCAGCA,0.1314556896686554,1460,CAGCAN,0.17802484333515167,1460,CAGCAN,0.17802484333515167,False,False,True,-0.0008386299014091492,
9,17,65,head_5,degradation,0.96923828125,0.9175741076469421,2926,GCAGCA,2.03515625,3086,GCGGCA,2.154296875,3086,GCGGCA,2.154296875,2926,GCAGCA,0.13439704477787018,1460,CAGCAN,0.1773313581943512,1460,CAGCAN,0.1773313581943512,False,False,True,-0.001997821033000946,
9,18,65,head_5,degradation,0.96923828125,0.9477755427360535,2926,GCAGCA,2.02734375,3086,GCGGCA,2.146484375,3086,GCGGCA,2.146484375,2926,GCAGCA,0.13267047703266144,1460,CAGCAN,0.1778506189584732,1460,CAGCAN,0.1778506189584732,False,False,True,-0.0004921257495880127,
9,19,65,head_5,degradation,0.984375,1.0159056186676025,2926,GCAGCA,2.009765625,3086,GCGGCA,2.130859375,3086,GCGGCA,2.130859375,2926,GCAGCA,0.12860089540481567,1460,CAGCAN,0.1788472980260849,1460,CAGCAN,0.1788472980260849,False,False,True,-0.002321086823940277,
9,20,65,head_5,degradation,1.015625,1.038346767425537,2926,GCAGCA,2.0,3086,GCGGCA,2.125,3086,GCGGCA,2.125,2926,GCAGCA,0.12676531076431274,1460,CAGCAN,0.17868047952651978,1460,CAGCAN,0.17868047952651978,False,False,True,-0.0019776523113250732,
9,21,65,head_5,degradation,1.0,1.0345580577850342,2926,GCAGCA,2.00390625,3086,GCGGCA,2.126953125,3086,GCGGCA,2.126953125,2926,GCAGCA,0.12755537033081055,1460,CAGCAN,0.1791888028383255,1460,CAGCAN,0.1791888028383255,False,False,True,-0.0035483315587043762,
9,22,65,head_5,degradation,1.0,1.07431960105896,2926,GCAGCA,2.0,3086,GCGGCA,2.123046875,3086,GCGGCA,2.123046875,2926,GCAGCA,0.1271444857120514,1460,CAGCAN,0.18173465132713318,1460,CAGCAN,0.18173465132713318,False,False,True,-0.002153150737285614,
9,23,65,head_5,degradation,1.03125,1.0478068590164185,2926,GCAGCA,2.009765625,3086,GCGGCA,2.13671875,3086,GCGGCA,2.13671875,2926,GCAGCA,0.1292971819639206,1460,CAGCAN,0.18191581964492798,1460,CAGCAN,0.18191581964492798,False,False,True,-0.002467736601829529,
9,24,65,head_5,degradation,1.0458984375,1.0375494956970215,2926,GCAGCA,2.013671875,3086,GCGGCA,2.142578125,3086,GCGGCA,2.142578125,2926,GCAGCA,0.12988968193531036,1460,CAGCAN,0.18174555897712708,1460,CAGCAN,0.18174555897712708,False,False,True,-0.0012951791286468506,
9,25,65,head_5,degradation,1.015625,0.9972633123397827,2926,GCAGCA,2.0234375,3086,GCGGCA,2.1484375,3086,GCGGCA,2.1484375,2926,GCAGCA,0.13104961812496185,1460,CAGCAN,0.17990975081920624,1460,CAGCAN,0.17990975081920624,False,False,True,-0.0008070319890975952,
9,26,65,head_5,degradation,1.0,0.9951624274253845,2926,GCAGCA,2.0234375,3086,GCGGCA,2.146484375,3086,GCGGCA,2.146484375,2926,GCAGCA,0.13024266064167023,1460,CAGCAN,0.1789465695619583,1460,CAGCAN,0.1789465695619583,False,False,True,-0.000338040292263031,
9,27,65,head_5,degradation,1.0,1.0033611059188843,2926,GCAGCA,2.021484375,3086,GCGGCA,2.14453125,3086,GCGGCA,2.14453125,2926,GCAGCA,0.12921419739723206,1460,CAGCAN,0.17852777242660522,1460,CAGCAN,0.17852777242660522,False,False,True,-0.00030272454023361206,
9,28,65,head_5,degradation,1.0,1.0077085494995117,2926,GCAGCA,2.01953125,3086,GCGGCA,2.142578125,3086,GCGGCA,2.142578125,2926,GCAGCA,0.12903371453285217,1460,CAGCAN,0.17867057025432587,1460,CAGCAN,0.17867057025432587,False,False,True,-0.000400446355342865,
9,29,65,head_5,degradation,0.984375,1.0137333869934082,2926,GCAGCA,2.01171875,3086,GCGGCA,2.1328125,3086,GCGGCA,2.1328125,2926,GCAGCA,0.12880964577198029,1460,CAGCAN,0.1788945198059082,1460,CAGCAN,0.1788945198059082,False,False,True,-8.263438940048218e-05,
9,30,65,head_5,degradation,1.0,1.0189377069473267,2926,GCAGCA,2.009765625,3086,GCGGCA,2.1328125,3086,GCGGCA,2.1328125,2926,GCAGCA,0.12861871719360352,1460,CAGCAN,0.17909058928489685,1460,CAGCAN,0.17909058928489685,False,False,True,0.00012376904487609863,
9,31,65,head_5,degradation,1.0615234375,0.9859828948974609,2926,GCAGCA,2.01953125,3086,GCGGCA,2.150390625,3086,GCGGCA,2.150390625,2926,GCAGCA,0.13044601678848267,1460,CAGCAN,0.17846731841564178,1460,CAGCAN,0.17846731841564178,False,False,True,-9.356439113616943e-05,
10,0,65,head_5,degradation,0.984375,1.0191035270690918,2926,GCAGCA,2.009765625,3086,GCGGCA,2.130859375,3086,GCGGCA,2.130859375,2926,GCAGCA,0.1283789873123169,1460,CAGCAN,0.17886319756507874,1460,CAGCAN,0.17886319756507874,False,False,True,0.00023233145475387573,
10,1,65,head_5,degradation,0.96923828125,1.0184783935546875,2926,GCAGCA,2.013671875,3086,GCGGCA,2.1328125,3086,GCGGCA,2.1328125,2926,GCAGCA,0.1284899264574051,1460,CAGCAN,0.17892764508724213,1460,CAGCAN,0.17892764508724213,False,False,True,-0.0001355782151222229,
10,2,65,head_5,degradation,1.015625,1.0025994777679443,2926,GCAGCA,2.01953125,3086,GCGGCA,2.14453125,3086,GCGGCA,2.14453125,2926,GCAGCA,0.12965275347232819,1460,CAGCAN,0.17890968918800354,1460,CAGCAN,0.17890968918800354,False,False,True,-0.00037739425897598267,
10,3,65,head_5,degradation,1.0,1.0230742692947388,2926,GCAGCA,2.015625,3086,GCGGCA,2.138671875,3086,GCGGCA,2.138671875,2926,GCAGCA,0.12864281237125397,1460,CAGCAN,0.1794222891330719,1460,CAGCAN,0.1794222891330719,False,False,True,-0.0005355551838874817,
10,4,65,head_5,degradation,0.984375,0.9999960064888,2926,GCAGCA,2.021484375,3086,GCGGCA,2.142578125,3086,GCGGCA,2.142578125,2926,GCAGCA,0.12932232022285461,1460,CAGCAN,0.1783856600522995,1460,CAGCAN,0.1783856600522995,False,False,True,-7.80448317527771e-05,
10,5,65,head_5,degradation,1.0,1.0050758123397827,2926,GCAGCA,2.017578125,3086,GCGGCA,2.140625,3086,GCGGCA,2.140625,2926,GCAGCA,0.12923413515090942,1460,CAGCAN,0.17867521941661835,1460,CAGCAN,0.17867521941661835,False,False,True,-0.00017470866441726685,
10,6,65,head_5,degradation,1.03125,0.9914590716362,2926,GCAGCA,2.01953125,3086,GCGGCA,2.146484375,3086,GCGGCA,2.146484375,2926,GCAGCA,0.12957890331745148,1460,CAGCAN,0.17800742387771606,1460,CAGCAN,0.17800742387771606,False,False,True,-0.0001225993037223816,
10,7,65,head_5,degradation,1.015625,0.9908272624015808,2926,GCAGCA,2.01953125,3086,GCGGCA,2.14453125,3086,GCGGCA,2.14453125,2926,GCAGCA,0.12973684072494507,1460,CAGCAN,0.17811837792396545,1460,CAGCAN,0.17811837792396545,False,False,True,-0.0003963559865951538,
10,8,65,head_5,degradation,1.0,0.9877462983131409,2926,GCAGCA,2.021484375,3086,GCGGCA,2.14453125,3086,GCGGCA,2.14453125,2926,GCAGCA,0.1296757459640503,1460,CAGCAN,0.17782817780971527,1460,CAGCAN,0.17782817780971527,False,False,True,-0.00015817582607269287,
10,9,65,head_5,degradation,0.984375,0.995522141456604,2926,GCAGCA,2.01953125,3086,GCGGCA,2.140625,3086,GCGGCA,2.140625,2926,GCAGCA,0.12963058054447174,1460,CAGCAN,0.17836123704910278,1460,CAGCAN,0.17836123704910278,False,False,True,-7.689744234085083e-05,
10,10,65,head_5,degradation,0.984375,1.00660240650177,2926,GCAGCA,2.013671875,3086,GCGGCA,2.134765625,3086,GCGGCA,2.134765625,2926,GCAGCA,0.12884113192558289,1460,CAGCAN,0.17839573323726654,1460,CAGCAN,0.17839573323726654,False,False,True,7.95125961303711e-05,
10,11,65,head_5,degradation,1.0458984375,1.018085241317749,2926,GCAGCA,2.0078125,3086,GCGGCA,2.13671875,3086,GCGGCA,2.13671875,2926,GCAGCA,0.12809643149375916,1460,CAGCAN,0.17850491404533386,1460,CAGCAN,0.17850491404533386,False,False,True,0.00032228976488113403,
10,12,65,head_5,degradation,0.76904296875,0.3545088469982147,2926,GCAGCA,2.2421875,3086,GCGGCA,2.3359375,3086,GCGGCA,2.3359375,2926,GCAGCA,0.16086149215698242,1460,CAGCAN,0.16192536056041718,1460,CAGCAN,0.16192536056041718,False,False,True,0.0017300471663475037,
10,13,65,head_5,degradation,0.7998046875,0.3984569013118744,2926,GCAGCA,2.236328125,3086,GCGGCA,2.333984375,3086,GCGGCA,2.333984375,2926,GCAGCA,0.1602555364370346,1460,CAGCAN,0.16458745300769806,1460,CAGCAN,0.16458745300769806,False,False,True,0.001979514956474304,
10,14,65,head_5,degradation,0.76904296875,0.4178634583950043,2926,GCAGCA,2.234375,3086,GCGGCA,2.328125,3086,GCGGCA,2.328125,2926,GCAGCA,0.16033461689949036,1460,CAGCAN,0.16610963642597198,1460,CAGCAN,0.16610963642597198,False,False,True,0.004314355552196503,
10,15,65,head_5,degradation,1.0078125,1.0866999626159668,2926,GCAGCA,1.9970703125,3086,GCGGCA,2.12109375,3086,GCGGCA,2.12109375,2926,GCAGCA,0.12734362483024597,1460,CAGCAN,0.18285441398620605,1460,CAGCAN,0.18285441398620605,False,False,True,0.0022422149777412415,
10,16,65,head_5,degradation,1.015625,1.04530930519104,2926,GCAGCA,2.00390625,3086,GCGGCA,2.12890625,3086,GCGGCA,2.12890625,2926,GCAGCA,0.1280362606048584,1460,CAGCAN,0.18046917021274567,1460,CAGCAN,0.18046917021274567,False,False,True,0.0015859752893447876,
10,17,65,head_5,degradation,1.0,1.0060735940933228,2926,GCAGCA,2.013671875,3086,GCGGCA,2.13671875,3086,GCGGCA,2.13671875,2926,GCAGCA,0.130015566945076,1460,CAGCAN,0.17953084409236908,1460,CAGCAN,0.17953084409236908,False,False,True,-0.00043498724699020386,
10,18,65,head_5,degradation,1.03125,1.0047193765640259,2926,GCAGCA,2.013671875,3086,GCGGCA,2.140625,3086,GCGGCA,2.140625,2926,GCAGCA,0.12990930676460266,1460,CAGCAN,0.17932388186454773,1460,CAGCAN,0.17932388186454773,False,False,True,-0.0006754621863365173,
10,19,65,head_5,degradation,1.015625,1.0093028545379639,2926,GCAGCA,2.01171875,3086,GCGGCA,2.13671875,3086,GCGGCA,2.13671875,2926,GCAGCA,0.12916451692581177,1460,CAGCAN,0.1789199262857437,1460,CAGCAN,0.1789199262857437,False,False,True,-0.0010300129652023315,
10,20,65,head_5,degradation,1.015625,1.006847620010376,2926,GCAGCA,2.01953125,3086,GCGGCA,2.14453125,3086,GCGGCA,2.14453125,2926,GCAGCA,0.12904448807239532,1460,CAGCAN,0.17861732840538025,1460,CAGCAN,0.17861732840538025,False,False,True,-0.0009481608867645264,
10,21,65,head_5,degradation,1.0,1.01740562915802,2926,GCAGCA,2.01171875,3086,GCGGCA,2.134765625,3086,GCGGCA,2.134765625,2926,GCAGCA,0.12807179987430573,1460,CAGCAN,0.1784297525882721,1460,CAGCAN,0.1784297525882721,False,False,True,-0.0002008005976676941,
10,22,65,head_5,degradation,0.984375,1.0042924880981445,2926,GCAGCA,2.01171875,3086,GCGGCA,2.1328125,3086,GCGGCA,2.1328125,2926,GCAGCA,0.12914595007896423,1460,CAGCAN,0.1785287857055664,1460,CAGCAN,0.1785287857055664,False,False,True,0.0006674230098724365,
10,23,65,head_5,degradation,1.0,1.0101943016052246,2926,GCAGCA,2.009765625,3086,GCGGCA,2.1328125,3086,GCGGCA,2.1328125,2926,GCAGCA,0.12870065867900848,1460,CAGCAN,0.17852236330509186,1460,CAGCAN,0.17852236330509186,False,False,True,0.0007746964693069458,
10,24,65,head_5,degradation,0.984375,1.0125439167022705,2926,GCAGCA,2.013671875,3086,GCGGCA,2.134765625,3086,GCGGCA,2.134765625,2926,GCAGCA,0.1284421682357788,1460,CAGCAN,0.17843858897686005,1460,CAGCAN,0.17843858897686005,False,False,True,0.000596068799495697,
10,25,65,head_5,degradation,0.96923828125,0.9947770833969116,2926,GCAGCA,2.021484375,3086,GCGGCA,2.140625,3086,GCGGCA,2.140625,2926,GCAGCA,0.12894275784492493,1460,CAGCAN,0.17761801183223724,1460,CAGCAN,0.17761801183223724,False,False,True,-0.00013627111911773682,
10,26,65,head_5,degradation,0.96923828125,1.0422157049179077,2926,GCAGCA,2.03515625,3086,GCGGCA,2.154296875,3086,GCGGCA,2.154296875,2926,GCAGCA,0.12742768228054047,1460,CAGCAN,0.17963054776191711,1460,CAGCAN,0.17963054776191711,False,False,True,4.0434300899505615e-05,
10,27,65,head_5,degradation,0.95361328125,1.046863079071045,2926,GCAGCA,2.046875,3086,GCGGCA,2.1640625,3086,GCGGCA,2.1640625,2926,GCAGCA,0.12736083567142487,1460,CAGCAN,0.17990928888320923,1460,CAGCAN,0.17990928888320923,False,False,True,0.0004628226161003113,
10,28,65,head_5,degradation,0.9384765625,1.0514984130859375,2926,GCAGCA,2.046875,3086,GCGGCA,2.162109375,3086,GCGGCA,2.162109375,2926,GCAGCA,0.12711910903453827,1460,CAGCAN,0.18001225590705872,1460,CAGCAN,0.18001225590705872,False,False,True,0.0005476176738739014,
10,29,65,head_5,degradation,0.9228515625,1.0248841047286987,2926,GCAGCA,2.02734375,3086,GCGGCA,2.140625,3086,GCGGCA,2.140625,2926,GCAGCA,0.1292136013507843,1460,CAGCAN,0.18012766540050507,1460,CAGCAN,0.18012766540050507,False,False,True,4.221498966217041e-05,
10,30,65,head_5,degradation,0.984375,1.0288163423538208,2926,GCAGCA,2.017578125,3086,GCGGCA,2.138671875,3086,GCGGCA,2.138671875,2926,GCAGCA,0.1296476423740387,1460,CAGCAN,0.18085411190986633,1460,CAGCAN,0.18085411190986633,False,False,True,0.00041950494050979614,
10,31,65,head_5,degradation,1.0537109375,1.1533124446868896,2926,GCAGCA,1.9873046875,3086,GCGGCA,2.1171875,3086,GCGGCA,2.1171875,2926,GCAGCA,0.12391451001167297,1460,CAGCAN,0.1843787133693695,1460,CAGCAN,0.1843787133693695,False,False,True,0.0007068589329719543,
11,0,65,head_5,degradation,1.015625,1.0130786895751953,2926,GCAGCA,2.015625,3086,GCGGCA,2.140625,3086,GCGGCA,2.140625,2926,GCAGCA,0.1291206032037735,1460,CAGCAN,0.17915679514408112,1460,CAGCAN,0.17915679514408112,False,False,True,-9.199976921081543e-05,
11,1,65,head_5,degradation,1.03125,1.0129562616348267,2926,GCAGCA,2.015625,3086,GCGGCA,2.142578125,3086,GCGGCA,2.142578125,2926,GCAGCA,0.12901955842971802,1460,CAGCAN,0.1790466457605362,1460,CAGCAN,0.1790466457605362,False,False,True,-0.0001100301742553711,
11,2,65,head_5,degradation,1.03125,1.0276050567626953,2926,GCAGCA,2.009765625,3086,GCGGCA,2.13671875,3086,GCGGCA,2.13671875,2926,GCAGCA,0.12851136922836304,1460,CAGCAN,0.17962776124477386,1460,CAGCAN,0.17962776124477386,False,False,True,0.00020194798707962036,
11,3,65,head_5,degradation,1.015625,1.0025423765182495,2926,GCAGCA,2.015625,3086,GCGGCA,2.140625,3086,GCGGCA,2.140625,2926,GCAGCA,0.12936186790466309,1460,CAGCAN,0.1786145567893982,1460,CAGCAN,0.1786145567893982,False,False,True,0.0003291890025138855,
11,4,65,head_5,degradation,1.03125,1.0174208879470825,2926,GCAGCA,2.009765625,3086,GCGGCA,2.13671875,3086,GCGGCA,2.13671875,2926,GCAGCA,0.1289592981338501,1460,CAGCAN,0.1793183833360672,1460,CAGCAN,0.1793183833360672,False,False,True,0.0006201118230819702,
11,5,65,head_5,degradation,1.015625,1.0009933710098267,2926,GCAGCA,2.025390625,3086,GCGGCA,2.150390625,3086,GCGGCA,2.150390625,2926,GCAGCA,0.12967604398727417,1460,CAGCAN,0.17881354689598083,1460,CAGCAN,0.17881354689598083,False,False,True,0.0007407739758491516,
11,6,65,head_5,degradation,1.0,0.9958631992340088,2926,GCAGCA,2.02734375,3086,GCGGCA,2.150390625,3086,GCGGCA,2.150390625,2926,GCAGCA,0.12990839779376984,1460,CAGCAN,0.1786644160747528,1460,CAGCAN,0.1786644160747528,False,False,True,0.0007418394088745117,
11,7,65,head_5,degradation,0.984375,0.9979320168495178,2926,GCAGCA,2.0234375,3086,GCGGCA,2.14453125,3086,GCGGCA,2.14453125,2926,GCAGCA,0.1297086626291275,1460,CAGCAN,0.17861852049827576,1460,CAGCAN,0.17861852049827576,False,False,True,0.0004704967141151428,
11,8,65,head_5,degradation,1.0,0.982771635055542,2926,GCAGCA,2.0234375,3086,GCGGCA,2.146484375,3086,GCGGCA,2.146484375,2926,GCAGCA,0.12975318729877472,1460,CAGCAN,0.17753569781780243,1460,CAGCAN,0.17753569781780243,False,False,True,0.0003052428364753723,
11,9,65,head_5,degradation,0.984375,0.9865429401397705,2926,GCAGCA,2.0234375,3086,GCGGCA,2.14453125,3086,GCGGCA,2.14453125,2926,GCAGCA,0.1300426870584488,1460,CAGCAN,0.17810563743114471,1460,CAGCAN,0.17810563743114471,False,False,True,0.00031048059463500977,
11,10,65,head_5,degradation,1.03125,0.9854622483253479,2926,GCAGCA,2.029296875,3086,GCGGCA,2.15625,3086,GCGGCA,2.15625,2926,GCAGCA,0.13045179843902588,1460,CAGCAN,0.17843438684940338,1460,CAGCAN,0.17843438684940338,False,False,True,-0.0012796521186828613,
11,11,65,head_5,degradation,1.03125,0.9889259934425354,2926,GCAGCA,2.02734375,3086,GCGGCA,2.154296875,3086,GCGGCA,2.154296875,2926,GCAGCA,0.13029371201992035,1460,CAGCAN,0.1785338670015335,1460,CAGCAN,0.1785338670015335,False,False,True,-0.0015080273151397705,
11,12,65,head_5,degradation,1.0615234375,1.0428050756454468,2926,GCAGCA,2.0078125,3086,GCGGCA,2.138671875,3086,GCGGCA,2.138671875,2926,GCAGCA,0.12745435535907745,1460,CAGCAN,0.1797010451555252,1460,CAGCAN,0.1797010451555252,False,False,True,-0.001220211386680603,
11,13,65,head_5,degradation,1.015625,1.026706337928772,2926,GCAGCA,2.00390625,3086,GCGGCA,2.12890625,3086,GCGGCA,2.12890625,2926,GCAGCA,0.12797263264656067,1460,CAGCAN,0.1790221929550171,1460,CAGCAN,0.1790221929550171,False,False,True,7.186084985733032e-05,
11,14,65,head_5,degradation,1.015625,1.0315947532653809,2926,GCAGCA,2.0,3086,GCGGCA,2.125,3086,GCGGCA,2.125,2926,GCAGCA,0.12754423916339874,1460,CAGCAN,0.17895731329917908,1460,CAGCAN,0.17895731329917908,False,False,True,9.79006290435791e-05,
11,15,65,head_5,degradation,1.0458984375,1.0221303701400757,2926,GCAGCA,2.0078125,3086,GCGGCA,2.13671875,3086,GCGGCA,2.13671875,2926,GCAGCA,0.1293988972902298,1460,CAGCAN,0.1801081895828247,1460,CAGCAN,0.1801081895828247,False,False,True,-0.0028686076402664185,
11,16,65,head_5,degradation,1.2001953125,1.05741286277771,2926,GCAGCA,1.986328125,3086,GCGGCA,2.134765625,3086,GCGGCA,2.134765625,2926,GCAGCA,0.13102474808692932,1460,CAGCAN,0.18435770273208618,1460,CAGCAN,0.18435770273208618,False,False,True,-0.0036027729511260986,
11,17,65,head_5,degradation,1.2080078125,1.064204454421997,2926,GCAGCA,1.9873046875,3086,GCGGCA,2.13671875,3086,GCGGCA,2.13671875,2926,GCAGCA,0.13095808029174805,1460,CAGCAN,0.1847960650920868,1460,CAGCAN,0.1847960650920868,False,False,True,-0.0037370026111602783,
11,18,65,head_5,degradation,1.1845703125,1.0336687564849854,2926,GCAGCA,1.994140625,3086,GCGGCA,2.140625,3086,GCGGCA,2.140625,2926,GCAGCA,0.13147428631782532,1460,CAGCAN,0.18304158747196198,1460,CAGCAN,0.18304158747196198,False,False,True,0.00047128647565841675,
11,19,65,head_5,degradation,1.0458984375,1.032796025276184,2926,GCAGCA,2.009765625,3086,GCGGCA,2.138671875,3086,GCGGCA,2.138671875,2926,GCAGCA,0.12988561391830444,1460,CAGCAN,0.1813880205154419,1460,CAGCAN,0.1813880205154419,False,False,True,-0.0001719146966934204,
11,20,65,head_5,degradation,1.0615234375,1.047782063484192,2926,GCAGCA,2.00390625,3086,GCGGCA,2.134765625,3086,GCGGCA,2.134765625,2926,GCAGCA,0.12899991869926453,1460,CAGCAN,0.18161670863628387,1460,CAGCAN,0.18161670863628387,False,False,True,0.0003298744559288025,
11,21,65,head_5,degradation,1.0771484375,1.0344109535217285,2926,GCAGCA,2.0078125,3086,GCGGCA,2.140625,3086,GCGGCA,2.140625,2926,GCAGCA,0.12988124787807465,1460,CAGCAN,0.18150374293327332,1460,CAGCAN,0.18150374293327332,False,False,True,0.0002604573965072632,
11,22,65,head_5,degradation,1.03125,0.9904148578643799,2926,GCAGCA,2.017578125,3086,GCGGCA,2.14453125,3086,GCGGCA,2.14453125,2926,GCAGCA,0.12937110662460327,1460,CAGCAN,0.17772197723388672,1460,CAGCAN,0.17772197723388672,False,False,True,0.0008251667022705078,
11,23,65,head_5,degradation,1.03125,0.9948680400848389,2926,GCAGCA,2.017578125,3086,GCGGCA,2.14453125,3086,GCGGCA,2.14453125,2926,GCAGCA,0.1300382912158966,1460,CAGCAN,0.17872031033039093,1460,CAGCAN,0.17872031033039093,False,False,True,-0.0002181902527809143,
11,24,65,head_5,degradation,1.015625,0.9923487901687622,2926,GCAGCA,2.021484375,3086,GCGGCA,2.146484375,3086,GCGGCA,2.146484375,2926,GCAGCA,0.129923477768898,1460,CAGCAN,0.17841815948486328,1460,CAGCAN,0.17841815948486328,False,False,True,-0.00024503469467163086,
11,25,65,head_5,degradation,1.0,0.9861072897911072,2926,GCAGCA,2.0234375,3086,GCGGCA,2.146484375,3086,GCGGCA,2.146484375,2926,GCAGCA,0.13050074875354767,1460,CAGCAN,0.17853130400180817,1460,CAGCAN,0.17853130400180817,False,False,True,-0.0006297379732131958,
11,26,65,head_5,degradation,1.0,1.0002310276031494,2926,GCAGCA,2.013671875,3086,GCGGCA,2.13671875,3086,GCGGCA,2.13671875,2926,GCAGCA,0.1288391351699829,1460,CAGCAN,0.17791995406150818,1460,CAGCAN,0.17791995406150818,False,False,True,-0.0003445371985435486,
11,27,65,head_5,degradation,0.984375,0.9898732304573059,2926,GCAGCA,2.01953125,3086,GCGGCA,2.140625,3086,GCGGCA,2.140625,2926,GCAGCA,0.12935762107372284,1460,CAGCAN,0.17766821384429932,1460,CAGCAN,0.17766821384429932,False,False,True,-0.00020836293697357178,
11,28,65,head_5,degradation,0.984375,0.9990068674087524,2926,GCAGCA,2.015625,3086,GCGGCA,2.13671875,3086,GCGGCA,2.13671875,2926,GCAGCA,0.12912128865718842,1460,CAGCAN,0.17811107635498047,1460,CAGCAN,0.17811107635498047,False,False,True,-5.109608173370361e-05,
11,29,65,head_5,degradation,0.984375,0.9746688008308411,2926,GCAGCA,2.021484375,3086,GCGGCA,2.142578125,3086,GCGGCA,2.142578125,2926,GCAGCA,0.13081654906272888,1460,CAGCAN,0.17799651622772217,1460,CAGCAN,0.17799651622772217,False,False,True,-0.00015881657600402832,
11,30,65,head_5,degradation,1.015625,0.9894123077392578,2926,GCAGCA,2.013671875,3086,GCGGCA,2.138671875,3086,GCGGCA,2.138671875,2926,GCAGCA,0.12987764179706573,1460,CAGCAN,0.17815396189689636,1460,CAGCAN,0.17815396189689636,False,False,True,-0.0001814514398574829,
11,31,65,head_5,degradation,1.03125,1.0182210206985474,2926,GCAGCA,2.013671875,3086,GCGGCA,2.140625,3086,GCGGCA,2.140625,2926,GCAGCA,0.12839259207248688,1460,CAGCAN,0.178811177611351,1460,CAGCAN,0.178811177611351,False,False,True,0.0001514926552772522,
12,0,65,head_5,degradation,1.0,0.9753172397613525,2926,GCAGCA,2.029296875,3086,GCGGCA,2.15234375,3086,GCGGCA,2.15234375,2926,GCAGCA,0.1308823972940445,1460,CAGCAN,0.17811058461666107,1460,CAGCAN,0.17811058461666107,False,False,True,-0.00012183189392089844,
12,1,65,head_5,degradation,1.015625,0.9705381989479065,2926,GCAGCA,2.033203125,3086,GCGGCA,2.158203125,3086,GCGGCA,2.158203125,2926,GCAGCA,0.13179759681224823,1460,CAGCAN,0.17867040634155273,1460,CAGCAN,0.17867040634155273,False,False,True,-0.0005685165524482727,
12,2,65,head_5,degradation,1.0,0.9722126126289368,2926,GCAGCA,2.02734375,3086,GCGGCA,2.150390625,3086,GCGGCA,2.150390625,2926,GCAGCA,0.13092021644115448,1460,CAGCAN,0.17791754007339478,1460,CAGCAN,0.17791754007339478,False,False,True,-0.00018215924501419067,
12,3,65,head_5,degradation,1.03125,0.9832169413566589,2926,GCAGCA,2.021484375,3086,GCGGCA,2.1484375,3086,GCGGCA,2.1484375,2926,GCAGCA,0.1309555321931839,1460,CAGCAN,0.17877115309238434,1460,CAGCAN,0.17877115309238434,False,False,True,-0.00027945637702941895,
12,4,65,head_5,degradation,1.015625,0.9948544502258301,2926,GCAGCA,2.017578125,3086,GCGGCA,2.142578125,3086,GCGGCA,2.142578125,2926,GCAGCA,0.13027635216712952,1460,CAGCAN,0.17895735800266266,1460,CAGCAN,0.17895735800266266,False,False,True,-0.0001958012580871582,
12,5,65,head_5,degradation,1.015625,0.9972146153450012,2926,GCAGCA,2.015625,3086,GCGGCA,2.140625,3086,GCGGCA,2.140625,2926,GCAGCA,0.1301615685224533,1460,CAGCAN,0.1790180802345276,1460,CAGCAN,0.1790180802345276,False,False,True,-0.00033033639192581177,
12,6,65,head_5,degradation,1.015625,0.9998036026954651,2926,GCAGCA,2.015625,3086,GCGGCA,2.140625,3086,GCGGCA,2.140625,2926,GCAGCA,0.12966570258140564,1460,CAGCAN,0.17871473729610443,1460,CAGCAN,0.17871473729610443,False,False,True,-0.0005054548382759094,
12,7,65,head_5,degradation,1.015625,0.9951053261756897,2926,GCAGCA,2.017578125,3086,GCGGCA,2.142578125,3086,GCGGCA,2.142578125,2926,GCAGCA,0.12988892197608948,1460,CAGCAN,0.17858858406543732,1460,CAGCAN,0.17858858406543732,False,False,True,-0.00040881335735321045,
12,8,65,head_5,degradation,1.015625,0.9901902079582214,2926,GCAGCA,2.01953125,3086,GCGGCA,2.14453125,3086,GCGGCA,2.14453125,2926,GCAGCA,0.130392923951149,1460,CAGCAN,0.17872709035873413,1460,CAGCAN,0.17872709035873413,False,False,True,-0.0003018230199813843,
12,9,65,head_5,degradation,1.015625,1.0051119327545166,2926,GCAGCA,2.015625,3086,GCGGCA,2.140625,3086,GCGGCA,2.140625,2926,GCAGCA,0.1291414052248001,1460,CAGCAN,0.17858517169952393,1460,CAGCAN,0.17858517169952393,False,False,True,7.780641317367554e-05,
12,10,65,head_5,degradation,0.984375,1.0033905506134033,2926,GCAGCA,2.015625,3086,GCGGCA,2.13671875,3086,GCGGCA,2.13671875,2926,GCAGCA,0.12959203124046326,1460,CAGCAN,0.17890779674053192,1460,CAGCAN,0.17890779674053192,False,False,True,-0.0002558380365371704,
12,11,65,head_5,degradation,1.03125,0.9694260358810425,2926,GCAGCA,2.03125,3086,GCGGCA,2.158203125,3086,GCGGCA,2.158203125,2926,GCAGCA,0.132064089179039,1460,CAGCAN,0.17885419726371765,1460,CAGCAN,0.17885419726371765,False,False,True,-0.0010360032320022583,
12,12,65,head_5,degradation,1.03125,1.0870492458343506,2926,GCAGCA,1.990234375,3086,GCGGCA,2.1171875,3086,GCGGCA,2.1171875,2926,GCAGCA,0.12585054337978363,1460,CAGCAN,0.1813873052597046,1460,CAGCAN,0.1813873052597046,False,False,True,-0.000354863703250885,
12,13,65,head_5,degradation,1.015625,1.088026762008667,2926,GCAGCA,1.98828125,3086,GCGGCA,2.11328125,3086,GCGGCA,2.11328125,2926,GCAGCA,0.12622280418872833,1460,CAGCAN,0.18183225393295288,1460,CAGCAN,0.18183225393295288,False,False,True,0.0003000423312187195,
12,14,65,head_5,degradation,1.0078125,1.1112972497940063,2926,GCAGCA,1.9775390625,3086,GCGGCA,2.1015625,3086,GCGGCA,2.1015625,2926,GCAGCA,0.12497381120920181,1460,CAGCAN,0.1823136955499649,1460,CAGCAN,0.1823136955499649,False,False,True,0.00037833303213119507,
12,15,65,head_5,degradation,1.015625,1.003375768661499,2926,GCAGCA,2.01953125,3086,GCGGCA,2.14453125,3086,GCGGCA,2.14453125,2926,GCAGCA,0.1305057853460312,1460,CAGCAN,0.1798204481601715,1460,CAGCAN,0.1798204481601715,False,False,True,0.00018136203289031982,
12,16,65,head_5,degradation,1.015625,0.9967098236083984,2926,GCAGCA,2.015625,3086,GCGGCA,2.140625,3086,GCGGCA,2.140625,2926,GCAGCA,0.1306896060705185,1460,CAGCAN,0.17950858175754547,1460,CAGCAN,0.17950858175754547,False,False,True,2.4206936359405518e-05,
12,17,65,head_5,degradation,1.015625,0.9866107106208801,2926,GCAGCA,2.021484375,3086,GCGGCA,2.146484375,3086,GCGGCA,2.146484375,2926,GCAGCA,0.13157163560390472,1460,CAGCAN,0.17963962256908417,1460,CAGCAN,0.17963962256908417,False,False,True,-4.023313522338867e-06,
12,18,65,head_5,degradation,1.015625,0.9780539274215698,2926,GCAGCA,2.0234375,3086,GCGGCA,2.1484375,3086,GCGGCA,2.1484375,2926,GCAGCA,0.13124999403953552,1460,CAGCAN,0.17868168652057648,1460,CAGCAN,0.17868168652057648,False,False,True,-0.0009897798299789429,
12,19,65,head_5,degradation,0.984375,0.988599956035614,2926,GCAGCA,2.0234375,3086,GCGGCA,2.14453125,3086,GCGGCA,2.14453125,2926,GCAGCA,0.13082624971866608,1460,CAGCAN,0.17904216051101685,1460,CAGCAN,0.17904216051101685,False,False,True,-0.0013465359807014465,
12,20,65,head_5,degradation,1.0,0.9977450370788574,2926,GCAGCA,2.01953125,3086,GCGGCA,2.142578125,3086,GCGGCA,2.142578125,2926,GCAGCA,0.1298816204071045,1460,CAGCAN,0.1787775754928589,1460,CAGCAN,0.1787775754928589,False,False,True,-0.0007735863327980042,
12,21,65,head_5,degradation,0.984375,0.9971476793289185,2926,GCAGCA,2.01953125,3086,GCGGCA,2.140625,3086,GCGGCA,2.140625,2926,GCAGCA,0.1298288255929947,1460,CAGCAN,0.17868036031723022,1460,CAGCAN,0.17868036031723022,False,False,True,-7.323920726776123e-05,
12,22,65,head_5,degradation,1.015625,0.9961575865745544,2926,GCAGCA,2.017578125,3086,GCGGCA,2.142578125,3086,GCGGCA,2.142578125,2926,GCAGCA,0.12969109416007996,1460,CAGCAN,0.1784690022468567,1460,CAGCAN,0.1784690022468567,False,False,True,-0.00033514201641082764,
12,23,65,head_5,degradation,1.0,0.988122820854187,2926,GCAGCA,2.0234375,3086,GCGGCA,2.146484375,3086,GCGGCA,2.146484375,2926,GCAGCA,0.13053762912750244,1460,CAGCAN,0.17871806025505066,1460,CAGCAN,0.17871806025505066,False,False,True,-0.0003126561641693115,
12,24,65,head_5,degradation,1.0,0.9895231127738953,2926,GCAGCA,2.01953125,3086,GCGGCA,2.142578125,3086,GCGGCA,2.142578125,2926,GCAGCA,0.12952770292758942,1460,CAGCAN,0.17781226336956024,1460,CAGCAN,0.17781226336956024,False,False,True,-0.00016221404075622559,
12,25,65,head_5,degradation,0.95361328125,0.9818783402442932,2926,GCAGCA,2.0234375,3086,GCGGCA,2.140625,3086,GCGGCA,2.140625,2926,GCAGCA,0.12983770668506622,1460,CAGCAN,0.17755378782749176,1460,CAGCAN,0.17755378782749176,False,False,True,-0.00029480457305908203,
12,26,65,head_5,degradation,0.96923828125,0.9917977452278137,2926,GCAGCA,2.01953125,3086,GCGGCA,2.138671875,3086,GCGGCA,2.138671875,2926,GCAGCA,0.13031819462776184,1460,CAGCAN,0.17877189815044403,1460,CAGCAN,0.17877189815044403,False,False,True,-0.0004836469888687134,
12,27,65,head_5,degradation,1.0,0.9976648688316345,2926,GCAGCA,2.015625,3086,GCGGCA,2.138671875,3086,GCGGCA,2.138671875,2926,GCAGCA,0.1299237757921219,1460,CAGCAN,0.17881377041339874,1460,CAGCAN,0.17881377041339874,False,False,True,-0.0003489181399345398,
12,28,65,head_5,degradation,0.984375,1.012179970741272,2926,GCAGCA,2.013671875,3086,GCGGCA,2.134765625,3086,GCGGCA,2.134765625,2926,GCAGCA,0.1290256530046463,1460,CAGCAN,0.1789950132369995,1460,CAGCAN,0.1789950132369995,False,False,True,2.2016465663909912e-05,
12,29,65,head_5,degradation,0.96923828125,0.9725949764251709,2926,GCAGCA,2.015625,3086,GCGGCA,2.134765625,3086,GCGGCA,2.134765625,2926,GCAGCA,0.12891726195812225,1460,CAGCAN,0.1759430170059204,1460,CAGCAN,0.1759430170059204,False,False,True,0.0004207715392112732,
12,30,65,head_5,degradation,0.984375,0.9460235238075256,2926,GCAGCA,2.021484375,3086,GCGGCA,2.142578125,3086,GCGGCA,2.142578125,2926,GCAGCA,0.13086317479610443,1460,CAGCAN,0.1759130358695984,1460,CAGCAN,0.1759130358695984,False,False,True,-0.00024312734603881836,
12,31,65,head_5,degradation,1.138671875,1.0030841827392578,2926,GCAGCA,2.009765625,3086,GCGGCA,2.150390625,3086,GCGGCA,2.150390625,2926,GCAGCA,0.1293102502822876,1460,CAGCAN,0.17860323190689087,1460,CAGCAN,0.17860323190689087,False,False,True,6.011873483657837e-05,
13,0,65,head_5,degradation,0.984375,1.0151346921920776,2926,GCAGCA,2.013671875,3086,GCGGCA,2.134765625,3086,GCGGCA,2.134765625,2926,GCAGCA,0.1286567747592926,1460,CAGCAN,0.1788458526134491,1460,CAGCAN,0.1788458526134491,False,False,True,-7.607042789459229e-05,
13,1,65,head_5,degradation,1.0,1.0224757194519043,2926,GCAGCA,2.013671875,3086,GCGGCA,2.13671875,3086,GCGGCA,2.13671875,2926,GCAGCA,0.12836389243602753,1460,CAGCAN,0.17909885942935944,1460,CAGCAN,0.17909885942935944,False,False,True,0.0002164989709854126,
13,2,65,head_5,degradation,1.0,1.0201442241668701,2926,GCAGCA,2.013671875,3086,GCGGCA,2.13671875,3086,GCGGCA,2.13671875,2926,GCAGCA,0.12833984196186066,1460,CAGCAN,0.17890143394470215,1460,CAGCAN,0.17890143394470215,False,False,True,0.0002181604504585266,
13,3,65,head_5,degradation,1.015625,1.013541579246521,2926,GCAGCA,2.015625,3086,GCGGCA,2.140625,3086,GCGGCA,2.140625,2926,GCAGCA,0.1291741132736206,1460,CAGCAN,0.179244726896286,1460,CAGCAN,0.179244726896286,False,False,True,0.0003643706440925598,
13,4,65,head_5,degradation,1.015625,0.9934417009353638,2926,GCAGCA,2.01953125,3086,GCGGCA,2.14453125,3086,GCGGCA,2.14453125,2926,GCAGCA,0.1299952119588852,1460,CAGCAN,0.1785711646080017,1460,CAGCAN,0.1785711646080017,False,False,True,2.81408429145813e-05,
13,5,65,head_5,degradation,1.0,0.9988361597061157,2926,GCAGCA,2.017578125,3086,GCGGCA,2.140625,3086,GCGGCA,2.140625,2926,GCAGCA,0.129749596118927,1460,CAGCAN,0.1787266880273819,1460,CAGCAN,0.1787266880273819,False,False,True,9.709596633911133e-05,
13,6,65,head_5,degradation,1.015625,0.9891101121902466,2926,GCAGCA,2.01953125,3086,GCGGCA,2.14453125,3086,GCGGCA,2.14453125,2926,GCAGCA,0.13043376803398132,1460,CAGCAN,0.17868761718273163,1460,CAGCAN,0.17868761718273163,False,False,True,0.00012007355690002441,
13,7,65,head_5,degradation,1.0,0.989907443523407,2926,GCAGCA,2.01953125,3086,GCGGCA,2.142578125,3086,GCGGCA,2.142578125,2926,GCAGCA,0.13032153248786926,1460,CAGCAN,0.1786346733570099,1460,CAGCAN,0.1786346733570099,False,False,True,0.0001988336443901062,
13,8,65,head_5,degradation,0.984375,0.9875969886779785,2926,GCAGCA,2.0234375,3086,GCGGCA,2.14453125,3086,GCGGCA,2.14453125,2926,GCAGCA,0.13007088005542755,1460,CAGCAN,0.1782122105360031,1460,CAGCAN,0.1782122105360031,False,False,True,0.00035309791564941406,
13,9,65,head_5,degradation,1.0,0.9768151044845581,2926,GCAGCA,2.02734375,3086,GCGGCA,2.150390625,3086,GCGGCA,2.150390625,2926,GCAGCA,0.1307394802570343,1460,CAGCAN,0.1780790537595749,1460,CAGCAN,0.1780790537595749,False,False,True,-0.0003608092665672302,
13,10,65,head_5,degradation,0.984375,0.9947588443756104,2926,GCAGCA,2.01953125,3086,GCGGCA,2.140625,3086,GCGGCA,2.140625,2926,GCAGCA,0.12959536910057068,1460,CAGCAN,0.17826926708221436,1460,CAGCAN,0.17826926708221436,False,False,True,-0.00033674389123916626,
13,11,65,head_5,degradation,1.0458984375,1.0017876625061035,2926,GCAGCA,2.015625,3086,GCGGCA,2.14453125,3086,GCGGCA,2.14453125,2926,GCAGCA,0.1298247128725052,1460,CAGCAN,0.17902128398418427,1460,CAGCAN,0.17902128398418427,False,False,True,-0.0009541362524032593,
13,12,65,head_5,degradation,1.107421875,0.9833319187164307,2926,GCAGCA,2.029296875,3086,GCGGCA,2.166015625,3086,GCGGCA,2.166015625,2926,GCAGCA,0.13157910108566284,1460,CAGCAN,0.17940327525138855,1460,CAGCAN,0.17940327525138855,False,False,True,-4.1894614696502686e-05,
13,13,65,head_5,degradation,1.154296875,0.9822372198104858,2926,GCAGCA,2.0234375,3086,GCGGCA,2.166015625,3086,GCGGCA,2.166015625,2926,GCAGCA,0.13041365146636963,1460,CAGCAN,0.17815642058849335,1460,CAGCAN,0.17815642058849335,False,False,True,1.3187527656555176e-06,
13,14,65,head_5,degradation,1.154296875,1.0051461458206177,2926,GCAGCA,2.015625,3086,GCGGCA,2.158203125,3086,GCGGCA,2.158203125,2926,GCAGCA,0.12963363528251648,1460,CAGCAN,0.17907994985580444,1460,CAGCAN,0.17907994985580444,False,False,True,0.0003589540719985962,
13,15,65,head_5,degradation,1.0458984375,1.025822401046753,2926,GCAGCA,2.00390625,3086,GCGGCA,2.1328125,3086,GCGGCA,2.1328125,2926,GCAGCA,0.12812311947345734,1460,CAGCAN,0.1791069507598877,1460,CAGCAN,0.1791069507598877,False,False,True,-0.0002302601933479309,
13,16,65,head_5,degradation,1.0458984375,1.0144308805465698,2926,GCAGCA,2.01171875,3086,GCGGCA,2.140625,3086,GCGGCA,2.140625,2926,GCAGCA,0.12905554473400116,1460,CAGCAN,0.17919228971004486,1460,CAGCAN,0.17919228971004486,False,False,True,-0.0013789907097816467,
13,17,65,head_5,degradation,1.0458984375,0.9971044063568115,2926,GCAGCA,2.013671875,3086,GCGGCA,2.142578125,3086,GCGGCA,2.142578125,2926,GCAGCA,0.1292644590139389,1460,CAGCAN,0.17811277508735657,1460,CAGCAN,0.17811277508735657,False,False,True,-0.0026769936084747314,
13,18,65,head_5,degradation,0.984375,1.0014969110488892,2926,GCAGCA,2.01171875,3086,GCGGCA,2.1328125,3086,GCGGCA,2.1328125,2926,GCAGCA,0.1288723647594452,1460,CAGCAN,0.178047314286232,1460,CAGCAN,0.178047314286232,False,False,True,-0.00325610488653183,
13,19,65,head_5,degradation,1.015625,0.9864674210548401,2926,GCAGCA,2.015625,3086,GCGGCA,2.140625,3086,GCGGCA,2.140625,2926,GCAGCA,0.12958034873008728,1460,CAGCAN,0.17763768136501312,1460,CAGCAN,0.17763768136501312,False,False,True,-0.002208396792411804,
13,20,65,head_5,degradation,0.984375,0.998506486415863,2926,GCAGCA,2.015625,3086,GCGGCA,2.13671875,3086,GCGGCA,2.13671875,2926,GCAGCA,0.12942509353160858,1460,CAGCAN,0.1783776730298996,1460,CAGCAN,0.1783776730298996,False,False,True,-0.0008935928344726562,
13,21,65,head_5,degradation,1.03125,0.9999761581420898,2926,GCAGCA,2.015625,3086,GCGGCA,2.142578125,3086,GCGGCA,2.142578125,2926,GCAGCA,0.13021332025527954,1460,CAGCAN,0.17927518486976624,1460,CAGCAN,0.17927518486976624,False,False,True,0.0003656819462776184,
13,22,65,head_5,degradation,1.0615234375,1.0013765096664429,2926,GCAGCA,2.009765625,3086,GCGGCA,2.140625,3086,GCGGCA,2.140625,2926,GCAGCA,0.12927722930908203,1460,CAGCAN,0.17844322323799133,1460,CAGCAN,0.17844322323799133,False,False,True,0.0023066624999046326,
13,23,65,head_5,degradation,1.0771484375,0.9968703389167786,2926,GCAGCA,2.0078125,3086,GCGGCA,2.140625,3086,GCGGCA,2.140625,2926,GCAGCA,0.12897436320781708,1460,CAGCAN,0.17780527472496033,1460,CAGCAN,0.17780527472496033,False,False,True,0.0021418780088424683,
13,24,65,head_5,degradation,1.0771484375,0.9812679290771484,2926,GCAGCA,2.01171875,3086,GCGGCA,2.14453125,3086,GCGGCA,2.14453125,2926,GCAGCA,0.12893028557300568,1460,CAGCAN,0.17660097777843475,1460,CAGCAN,0.17660097777843475,False,False,True,0.0030468106269836426,
13,25,65,head_5,degradation,1.0615234375,0.9745978713035583,2926,GCAGCA,2.013671875,3086,GCGGCA,2.14453125,3086,GCGGCA,2.14453125,2926,GCAGCA,0.12950298190116882,1460,CAGCAN,0.1766776740550995,1460,CAGCAN,0.1766776740550995,False,False,True,0.0013276711106300354,
13,26,65,head_5,degradation,1.0615234375,0.9713036417961121,2926,GCAGCA,2.009765625,3086,GCGGCA,2.140625,3086,GCGGCA,2.140625,2926,GCAGCA,0.1289484053850174,1460,CAGCAN,0.1758781373500824,1460,CAGCAN,0.1758781373500824,False,False,True,0.0014080628752708435,
13,27,65,head_5,degradation,1.03125,0.9689246416091919,2926,GCAGCA,2.0078125,3086,GCGGCA,2.134765625,3086,GCGGCA,2.134765625,2926,GCAGCA,0.12890440225601196,1460,CAGCAN,0.1756572276353836,1460,CAGCAN,0.1756572276353836,False,False,True,0.0011638551950454712,
13,28,65,head_5,degradation,1.03125,0.9813332557678223,2926,GCAGCA,2.0078125,3086,GCGGCA,2.134765625,3086,GCGGCA,2.134765625,2926,GCAGCA,0.1286742240190506,1460,CAGCAN,0.17634977400302887,1460,CAGCAN,0.17634977400302887,False,False,True,0.0006238669157028198,
13,29,65,head_5,degradation,1.0,1.0014768838882446,2926,GCAGCA,2.01953125,3086,GCGGCA,2.142578125,3086,GCGGCA,2.142578125,2926,GCAGCA,0.12896817922592163,1460,CAGCAN,0.17814163863658905,1460,CAGCAN,0.17814163863658905,False,False,True,-0.0002919882535934448,
13,30,65,head_5,degradation,1.0615234375,1.0286974906921387,2926,GCAGCA,2.013671875,3086,GCGGCA,2.14453125,3086,GCGGCA,2.14453125,2926,GCAGCA,0.12844695150852203,1460,CAGCAN,0.17964458465576172,1460,CAGCAN,0.17964458465576172,False,False,True,-0.00032301247119903564,
13,31,65,head_5,degradation,1.107421875,1.05224609375,2926,GCAGCA,1.994140625,3086,GCGGCA,2.130859375,3086,GCGGCA,2.130859375,2926,GCAGCA,0.12721306085586548,1460,CAGCAN,0.18016180396080017,1460,CAGCAN,0.18016180396080017,False,False,True,-0.00014549493789672852,
14,0,65,head_5,degradation,1.03125,1.0042145252227783,2926,GCAGCA,2.013671875,3086,GCGGCA,2.140625,3086,GCGGCA,2.140625,2926,GCAGCA,0.1292305886745453,1460,CAGCAN,0.17860762774944305,1460,CAGCAN,0.17860762774944305,False,False,True,-0.00014528632164001465,
14,1,65,head_5,degradation,1.03125,1.0033336877822876,2926,GCAGCA,2.013671875,3086,GCGGCA,2.140625,3086,GCGGCA,2.140625,2926,GCAGCA,0.12919458746910095,1460,CAGCAN,0.17850612103939056,1460,CAGCAN,0.17850612103939056,False,False,True,-0.0002231299877166748,
14,2,65,head_5,degradation,1.015625,1.0128670930862427,2926,GCAGCA,2.009765625,3086,GCGGCA,2.134765625,3086,GCGGCA,2.134765625,2926,GCAGCA,0.12910817563533783,1460,CAGCAN,0.17912863194942474,1460,CAGCAN,0.17912863194942474,False,False,True,-0.0001732856035232544,
14,3,65,head_5,degradation,1.03125,1.004167079925537,2926,GCAGCA,2.015625,3086,GCGGCA,2.142578125,3086,GCGGCA,2.142578125,2926,GCAGCA,0.12962183356285095,1460,CAGCAN,0.17899534106254578,1460,CAGCAN,0.17899534106254578,False,False,True,-0.0005708262324333191,
14,4,65,head_5,degradation,1.03125,1.0067613124847412,2926,GCAGCA,2.013671875,3086,GCGGCA,2.140625,3086,GCGGCA,2.140625,2926,GCAGCA,0.1292479932308197,1460,CAGCAN,0.17881441116333008,1460,CAGCAN,0.17881441116333008,False,False,True,-0.0005332902073860168,
14,5,65,head_5,degradation,1.015625,1.0071762800216675,2926,GCAGCA,2.015625,3086,GCGGCA,2.140625,3086,GCGGCA,2.140625,2926,GCAGCA,0.12939254939556122,1460,CAGCAN,0.17898982763290405,1460,CAGCAN,0.17898982763290405,False,False,True,-0.0004978552460670471,
14,6,65,head_5,degradation,1.015625,0.9923474192619324,2926,GCAGCA,2.01953125,3086,GCGGCA,2.14453125,3086,GCGGCA,2.14453125,2926,GCAGCA,0.12985028326511383,1460,CAGCAN,0.17834486067295074,1460,CAGCAN,0.17834486067295074,False,False,True,0.0006036609411239624,
14,7,65,head_5,degradation,1.015625,0.9962295293807983,2926,GCAGCA,2.015625,3086,GCGGCA,2.140625,3086,GCGGCA,2.140625,2926,GCAGCA,0.12981396913528442,1460,CAGCAN,0.17859722673892975,1460,CAGCAN,0.17859722673892975,False,False,True,0.0008391216397285461,
14,8,65,head_5,degradation,1.03125,0.989450991153717,2926,GCAGCA,2.01953125,3086,GCGGCA,2.146484375,3086,GCGGCA,2.146484375,2926,GCAGCA,0.12970280647277832,1460,CAGCAN,0.17798200249671936,1460,CAGCAN,0.17798200249671936,False,False,True,0.0007019713521003723,
14,9,65,head_5,degradation,1.0,0.9887322187423706,2926,GCAGCA,2.01953125,3086,GCGGCA,2.142578125,3086,GCGGCA,2.142578125,2926,GCAGCA,0.12999044358730316,1460,CAGCAN,0.17821618914604187,1460,CAGCAN,0.17821618914604187,False,False,True,-2.346932888031006e-06,
14,10,65,head_5,degradation,1.03125,0.999294638633728,2926,GCAGCA,2.017578125,3086,GCGGCA,2.14453125,3086,GCGGCA,2.14453125,2926,GCAGCA,0.12943607568740845,1460,CAGCAN,0.17844726145267487,1460,CAGCAN,0.17844726145267487,False,False,True,-0.00014137476682662964,
14,11,65,head_5,degradation,1.015625,0.9875928163528442,2926,GCAGCA,2.01953125,3086,GCGGCA,2.14453125,3086,GCGGCA,2.14453125,2926,GCAGCA,0.12992320954799652,1460,CAGCAN,0.178064227104187,1460,CAGCAN,0.178064227104187,False,False,True,0.0002262219786643982,
14,12,65,head_5,degradation,1.0,0.9826187491416931,2926,GCAGCA,2.0234375,3086,GCGGCA,2.146484375,3086,GCGGCA,2.146484375,2926,GCAGCA,0.1304168850183487,1460,CAGCAN,0.1781880259513855,1460,CAGCAN,0.1781880259513855,False,False,True,0.0005537569522857666,
14,13,65,head_5,degradation,0.984375,0.9747278690338135,2926,GCAGCA,2.025390625,3086,GCGGCA,2.146484375,3086,GCGGCA,2.146484375,2926,GCAGCA,0.1307910680770874,1460,CAGCAN,0.17797543108463287,1460,CAGCAN,0.17797543108463287,False,False,True,0.00032904744148254395,
14,14,65,head_5,degradation,0.984375,0.989982008934021,2926,GCAGCA,2.021484375,3086,GCGGCA,2.142578125,3086,GCGGCA,2.142578125,2926,GCAGCA,0.1300135850906372,1460,CAGCAN,0.17833226919174194,1460,CAGCAN,0.17833226919174194,False,False,True,-8.320063352584839e-05,
14,15,65,head_5,degradation,1.015625,0.996512234210968,2926,GCAGCA,2.01953125,3086,GCGGCA,2.14453125,3086,GCGGCA,2.14453125,2926,GCAGCA,0.13015343248844147,1460,CAGCAN,0.1789577156305313,1460,CAGCAN,0.1789577156305313,False,False,True,0.00010577589273452759,
14,16,65,head_5,degradation,1.015625,1.0060220956802368,2926,GCAGCA,2.015625,3086,GCGGCA,2.140625,3086,GCGGCA,2.140625,2926,GCAGCA,0.12946797907352448,1460,CAGCAN,0.17897942662239075,1460,CAGCAN,0.17897942662239075,False,False,True,2.9653310775756836e-06,
14,17,65,head_5,degradation,1.015625,0.9984766244888306,2926,GCAGCA,2.015625,3086,GCGGCA,2.140625,3086,GCGGCA,2.140625,2926,GCAGCA,0.13003335893154144,1460,CAGCAN,0.17898371815681458,1460,CAGCAN,0.17898371815681458,False,False,True,-0.00010805577039718628,
14,18,65,head_5,degradation,0.984375,0.9973955750465393,2926,GCAGCA,2.017578125,3086,GCGGCA,2.138671875,3086,GCGGCA,2.138671875,2926,GCAGCA,0.13052573800086975,1460,CAGCAN,0.17939570546150208,1460,CAGCAN,0.17939570546150208,False,False,True,3.643333911895752e-05,
14,19,65,head_5,degradation,1.0,0.9887562394142151,2926,GCAGCA,2.021484375,3086,GCGGCA,2.14453125,3086,GCGGCA,2.14453125,2926,GCAGCA,0.13069485127925873,1460,CAGCAN,0.1789223849773407,1460,CAGCAN,0.1789223849773407,False,False,True,-0.0006541311740875244,
14,20,65,head_5,degradation,1.0,0.9977338314056396,2926,GCAGCA,2.0234375,3086,GCGGCA,2.146484375,3086,GCGGCA,2.146484375,2926,GCAGCA,0.13077595829963684,1460,CAGCAN,0.17967107892036438,1460,CAGCAN,0.17967107892036438,False,False,True,-0.0007148087024688721,
14,21,65,head_5,degradation,0.984375,0.9817270636558533,2926,GCAGCA,2.02734375,3086,GCGGCA,2.1484375,3086,GCGGCA,2.1484375,2926,GCAGCA,0.13074158132076263,1460,CAGCAN,0.17844641208648682,1460,CAGCAN,0.17844641208648682,False,False,True,-0.001189500093460083,
14,22,65,head_5,degradation,0.95361328125,0.9798297882080078,2926,GCAGCA,2.0234375,3086,GCGGCA,2.140625,3086,GCGGCA,2.140625,2926,GCAGCA,0.13038471341133118,1460,CAGCAN,0.177948459982872,1460,CAGCAN,0.177948459982872,False,False,True,0.00023090094327926636,
14,23,65,head_5,degradation,0.9384765625,0.9947632551193237,2926,GCAGCA,2.01953125,3086,GCGGCA,2.134765625,3086,GCGGCA,2.134765625,2926,GCAGCA,0.1298355758190155,1460,CAGCAN,0.17850980162620544,1460,CAGCAN,0.17850980162620544,False,False,True,0.0005799233913421631,
14,24,65,head_5,degradation,0.984375,0.99220210313797,2926,GCAGCA,2.01953125,3086,GCGGCA,2.140625,3086,GCGGCA,2.140625,2926,GCAGCA,0.13049457967281342,1460,CAGCAN,0.1789783537387848,1460,CAGCAN,0.1789783537387848,False,False,True,0.00037541240453720093,
14,25,65,head_5,degradation,1.015625,0.9936951994895935,2926,GCAGCA,2.013671875,3086,GCGGCA,2.138671875,3086,GCGGCA,2.138671875,2926,GCAGCA,0.13016250729560852,1460,CAGCAN,0.17875730991363525,1460,CAGCAN,0.17875730991363525,False,False,True,-6.199628114700317e-05,
14,26,65,head_5,degradation,1.015625,0.99820876121521,2926,GCAGCA,2.017578125,3086,GCGGCA,2.142578125,3086,GCGGCA,2.142578125,2926,GCAGCA,0.1302565187215805,1460,CAGCAN,0.17918695509433746,1460,CAGCAN,0.17918695509433746,False,False,True,1.7270445823669434e-05,
14,27,65,head_5,degradation,1.03125,0.9983043074607849,2926,GCAGCA,2.015625,3086,GCGGCA,2.142578125,3086,GCGGCA,2.142578125,2926,GCAGCA,0.1302463859319687,1460,CAGCAN,0.1791839301586151,1460,CAGCAN,0.1791839301586151,False,False,True,0.0002633705735206604,
14,28,65,head_5,degradation,1.03125,0.9971709251403809,2926,GCAGCA,2.021484375,3086,GCGGCA,2.1484375,3086,GCGGCA,2.1484375,2926,GCAGCA,0.13081073760986328,1460,CAGCAN,0.1796640008687973,1460,CAGCAN,0.1796640008687973,False,False,True,1.1868774890899658e-05,
14,29,65,head_5,degradation,1.03125,0.9651627540588379,2926,GCAGCA,2.025390625,3086,GCGGCA,2.15234375,3086,GCGGCA,2.15234375,2926,GCAGCA,0.13259802758693695,1460,CAGCAN,0.1790711134672165,1460,CAGCAN,0.1790711134672165,False,False,True,8.85501503944397e-05,
14,30,65,head_5,degradation,1.0458984375,0.9947043657302856,2926,GCAGCA,2.017578125,3086,GCGGCA,2.146484375,3086,GCGGCA,2.146484375,2926,GCAGCA,0.13155822455883026,1460,CAGCAN,0.1802280694246292,1460,CAGCAN,0.1802280694246292,False,False,True,0.00022185593843460083,
14,31,65,head_5,degradation,1.03125,1.0582224130630493,2926,GCAGCA,2.01171875,3086,GCGGCA,2.138671875,3086,GCGGCA,2.138671875,2926,GCAGCA,0.1289297193288803,1460,CAGCAN,0.18232287466526031,1460,CAGCAN,0.18232287466526031,False,False,True,0.00036378949880599976,
15,0,65,head_5,degradation,0.984375,1.0114890336990356,2926,GCAGCA,2.013671875,3086,GCGGCA,2.134765625,3086,GCGGCA,2.134765625,2926,GCAGCA,0.12926024198532104,1460,CAGCAN,0.17917822301387787,1460,CAGCAN,0.17917822301387787,False,False,True,-0.00013571977615356445,
15,1,65,head_5,degradation,1.0,1.0062540769577026,2926,GCAGCA,2.013671875,3086,GCGGCA,2.13671875,3086,GCGGCA,2.13671875,2926,GCAGCA,0.12937036156654358,1460,CAGCAN,0.17889906466007233,1460,CAGCAN,0.17889906466007233,False,False,True,-0.00010765343904495239,
15,2,65,head_5,degradation,0.984375,1.010928750038147,2926,GCAGCA,2.01171875,3086,GCGGCA,2.1328125,3086,GCGGCA,2.1328125,2926,GCAGCA,0.12888404726982117,1460,CAGCAN,0.17876036465168,1460,CAGCAN,0.17876036465168,False,False,True,-0.00021908432245254517,
15,3,65,head_5,degradation,0.984375,1.0045357942581177,2926,GCAGCA,2.013671875,3086,GCGGCA,2.134765625,3086,GCGGCA,2.134765625,2926,GCAGCA,0.1293787807226181,1460,CAGCAN,0.1787797063589096,1460,CAGCAN,0.1787797063589096,False,False,True,-0.00013715028762817383,
15,4,65,head_5,degradation,1.0,1.004097580909729,2926,GCAGCA,2.013671875,3086,GCGGCA,2.13671875,3086,GCGGCA,2.13671875,2926,GCAGCA,0.12945781648159027,1460,CAGCAN,0.17882615327835083,1460,CAGCAN,0.17882615327835083,False,False,True,-0.00017953664064407349,
15,5,65,head_5,degradation,1.0,0.9973160028457642,2926,GCAGCA,2.015625,3086,GCGGCA,2.138671875,3086,GCGGCA,2.138671875,2926,GCAGCA,0.12957990169525146,1460,CAGCAN,0.17844395339488983,1460,CAGCAN,0.17844395339488983,False,False,True,-0.00011709332466125488,
15,6,65,head_5,degradation,1.015625,0.9923055171966553,2926,GCAGCA,2.01953125,3086,GCGGCA,2.14453125,3086,GCGGCA,2.14453125,2926,GCAGCA,0.12958014011383057,1460,CAGCAN,0.17807160317897797,1460,CAGCAN,0.17807160317897797,False,False,True,-0.0006551593542098999,
15,7,65,head_5,degradation,1.015625,1.0025430917739868,2926,GCAGCA,2.015625,3086,GCGGCA,2.140625,3086,GCGGCA,2.140625,2926,GCAGCA,0.12941931188106537,1460,CAGCAN,0.17867206037044525,1460,CAGCAN,0.17867206037044525,False,False,True,-0.0009730011224746704,
15,8,65,head_5,degradation,1.015625,0.9956866502761841,2926,GCAGCA,2.017578125,3086,GCGGCA,2.142578125,3086,GCGGCA,2.142578125,2926,GCAGCA,0.12979362905025482,1460,CAGCAN,0.178536519408226,1460,CAGCAN,0.178536519408226,False,False,True,-0.001094810664653778,
15,9,65,head_5,degradation,1.015625,1.002461552619934,2926,GCAGCA,2.015625,3086,GCGGCA,2.140625,3086,GCGGCA,2.140625,2926,GCAGCA,0.12945349514484406,1460,CAGCAN,0.17870017886161804,1460,CAGCAN,0.17870017886161804,False,False,True,-0.00015456974506378174,
15,10,65,head_5,degradation,1.03125,1.0016928911209106,2926,GCAGCA,2.015625,3086,GCGGCA,2.142578125,3086,GCGGCA,2.142578125,2926,GCAGCA,0.1293247491121292,1460,CAGCAN,0.1785142719745636,1460,CAGCAN,0.1785142719745636,False,False,True,0.00020012259483337402,
15,11,65,head_5,degradation,1.015625,1.0028438568115234,2926,GCAGCA,2.015625,3086,GCGGCA,2.140625,3086,GCGGCA,2.140625,2926,GCAGCA,0.12947092950344086,1460,CAGCAN,0.1787460446357727,1460,CAGCAN,0.1787460446357727,False,False,True,-0.0001255124807357788,
15,12,65,head_5,degradation,0.96923828125,1.0075924396514893,2926,GCAGCA,2.013671875,3086,GCGGCA,2.1328125,3086,GCGGCA,2.1328125,2926,GCAGCA,0.12858034670352936,1460,CAGCAN,0.17820857465267181,1460,CAGCAN,0.17820857465267181,False,False,True,-0.0005160346627235413,
15,13,65,head_5,degradation,0.984375,1.0007327795028687,2926,GCAGCA,2.01953125,3086,GCGGCA,2.140625,3086,GCGGCA,2.140625,2926,GCAGCA,0.1289156824350357,1460,CAGCAN,0.17803381383419037,1460,CAGCAN,0.17803381383419037,False,False,True,-0.00046712905168533325,
15,14,65,head_5,degradation,0.95361328125,0.9907492995262146,2926,GCAGCA,2.025390625,3086,GCGGCA,2.142578125,3086,GCGGCA,2.142578125,2926,GCAGCA,0.1297796666622162,1460,CAGCAN,0.17815540730953217,1460,CAGCAN,0.17815540730953217,False,False,True,-0.0015281513333320618,
15,15,65,head_5,degradation,0.984375,0.9741653800010681,2926,GCAGCA,2.03125,3086,GCGGCA,2.15234375,3086,GCGGCA,2.15234375,2926,GCAGCA,0.130833238363266,1460,CAGCAN,0.17797577381134033,1460,CAGCAN,0.17797577381134033,False,False,True,-0.00243232399225235,
15,16,65,head_5,degradation,1.0,0.9886382222175598,2926,GCAGCA,2.0234375,3086,GCGGCA,2.146484375,3086,GCGGCA,2.146484375,2926,GCAGCA,0.13034628331661224,1460,CAGCAN,0.17856504023075104,1460,CAGCAN,0.17856504023075104,False,False,True,-0.0029328763484954834,
15,17,65,head_5,degradation,1.015625,0.9937214255332947,2926,GCAGCA,2.01953125,3086,GCGGCA,2.14453125,3086,GCGGCA,2.14453125,2926,GCAGCA,0.12969428300857544,1460,CAGCAN,0.17829103767871857,1460,CAGCAN,0.17829103767871857,False,False,True,-0.0007893592119216919,
15,18,65,head_5,degradation,1.015625,1.0047777891159058,2926,GCAGCA,2.015625,3086,GCGGCA,2.140625,3086,GCGGCA,2.140625,2926,GCAGCA,0.12942595779895782,1460,CAGCAN,0.1788448840379715,1460,CAGCAN,0.1788448840379715,False,False,True,0.0007025822997093201,
15,19,65,head_5,degradation,1.03125,0.9944404363632202,2926,GCAGCA,2.015625,3086,GCGGCA,2.142578125,3086,GCGGCA,2.142578125,2926,GCAGCA,0.12977883219718933,1460,CAGCAN,0.17842905223369598,1460,CAGCAN,0.17842905223369598,False,False,True,0.00026203691959381104,
15,20,65,head_5,degradation,1.03125,0.9953033328056335,2926,GCAGCA,2.015625,3086,GCGGCA,2.142578125,3086,GCGGCA,2.142578125,2926,GCAGCA,0.12847380340099335,1460,CAGCAN,0.1771881878376007,1460,CAGCAN,0.1771881878376007,False,False,True,-0.002437882125377655,
15,21,65,head_5,degradation,1.03125,0.998827338218689,2926,GCAGCA,2.015625,3086,GCGGCA,2.142578125,3086,GCGGCA,2.142578125,2926,GCAGCA,0.12813258171081543,1460,CAGCAN,0.1771090179681778,1460,CAGCAN,0.1771090179681778,False,False,True,-0.0027726739645004272,
15,22,65,head_5,degradation,1.03125,0.9915011525154114,2926,GCAGCA,2.017578125,3086,GCGGCA,2.14453125,3086,GCGGCA,2.14453125,2926,GCAGCA,0.1284547597169876,1460,CAGCAN,0.1768864095211029,1460,CAGCAN,0.1768864095211029,False,False,True,-0.00036960840225219727,
15,23,65,head_5,degradation,1.015625,0.9997425079345703,2926,GCAGCA,2.01953125,3086,GCGGCA,2.14453125,3086,GCGGCA,2.14453125,2926,GCAGCA,0.12941619753837585,1460,CAGCAN,0.17846068739891052,1460,CAGCAN,0.17846068739891052,False,False,True,0.000849895179271698,
15,24,65,head_5,degradation,1.03125,1.002599835395813,2926,GCAGCA,2.017578125,3086,GCGGCA,2.14453125,3086,GCGGCA,2.14453125,2926,GCAGCA,0.13009239733219147,1460,CAGCAN,0.1793493628501892,1460,CAGCAN,0.1793493628501892,False,False,True,0.0007838010787963867,
15,25,65,head_5,degradation,1.0615234375,1.0115597248077393,2926,GCAGCA,2.015625,3086,GCGGCA,2.146484375,3086,GCGGCA,2.146484375,2926,GCAGCA,0.12986379861831665,1460,CAGCAN,0.1797870397567749,1460,CAGCAN,0.1797870397567749,False,False,True,-0.00048279017210006714,
15,26,65,head_5,degradation,0.984375,1.0054641962051392,2926,GCAGCA,2.015625,3086,GCGGCA,2.13671875,3086,GCGGCA,2.13671875,2926,GCAGCA,0.13000445067882538,1460,CAGCAN,0.17947441339492798,1460,CAGCAN,0.17947441339492798,False,False,True,0.00036856532096862793,
15,27,65,head_5,degradation,0.984375,1.0198105573654175,2926,GCAGCA,2.009765625,3086,GCGGCA,2.130859375,3086,GCGGCA,2.130859375,2926,GCAGCA,0.1285891830921173,1460,CAGCAN,0.17912596464157104,1460,CAGCAN,0.17912596464157104,False,False,True,-7.795542478561401e-05,
15,28,65,head_5,degradation,0.96923828125,1.024965763092041,2926,GCAGCA,2.005859375,3086,GCGGCA,2.125,3086,GCGGCA,2.125,2926,GCAGCA,0.1276959627866745,1460,CAGCAN,0.17861609160900116,1460,CAGCAN,0.17861609160900116,False,False,True,5.4135918617248535e-05,
15,29,65,head_5,degradation,0.96923828125,1.0148200988769531,2926,GCAGCA,2.017578125,3086,GCGGCA,2.13671875,3086,GCGGCA,2.13671875,2926,GCAGCA,0.12975944578647614,1460,CAGCAN,0.1799251288175583,1460,CAGCAN,0.1799251288175583,False,False,True,-0.00017061829566955566,
15,30,65,head_5,degradation,1.0,0.9881789088249207,2926,GCAGCA,2.03125,3086,GCGGCA,2.154296875,3086,GCGGCA,2.154296875,2926,GCAGCA,0.13105307519435883,1460,CAGCAN,0.17923767864704132,1460,CAGCAN,0.17923767864704132,False,False,True,-0.0004148706793785095,
15,31,65,head_5,degradation,0.6923828125,0.6759448647499084,2926,GCAGCA,2.103515625,3086,GCGGCA,2.1875,3086,GCGGCA,2.1875,2926,GCAGCA,0.14552129805088043,1460,CAGCAN,0.1704876720905304,1460,CAGCAN,0.1704876720905304,False,False,True,-0.000849604606628418,
16,0,65,head_5,degradation,1.0,1.0052458047866821,2926,GCAGCA,2.015625,3086,GCGGCA,2.138671875,3086,GCGGCA,2.138671875,2926,GCAGCA,0.12945988774299622,1460,CAGCAN,0.17891360819339752,1460,CAGCAN,0.17891360819339752,False,False,True,-0.00020697712898254395,
16,1,65,head_5,degradation,1.015625,1.0048801898956299,2926,GCAGCA,2.015625,3086,GCGGCA,2.140625,3086,GCGGCA,2.140625,2926,GCAGCA,0.12926024198532104,1460,CAGCAN,0.17868678271770477,1460,CAGCAN,0.17868678271770477,False,False,True,-8.946657180786133e-05,
16,2,65,head_5,degradation,1.015625,1.0051459074020386,2926,GCAGCA,2.015625,3086,GCGGCA,2.140625,3086,GCGGCA,2.140625,2926,GCAGCA,0.12925486266613007,1460,CAGCAN,0.17870116233825684,1460,CAGCAN,0.17870116233825684,False,False,True,1.3969838619232178e-05,
16,3,65,head_5,degradation,1.015625,1.0054268836975098,2926,GCAGCA,2.015625,3086,GCGGCA,2.140625,3086,GCGGCA,2.140625,2926,GCAGCA,0.12928807735443115,1460,CAGCAN,0.1787552684545517,1460,CAGCAN,0.1787552684545517,False,False,True,0.0003140643239021301,
16,4,65,head_5,degradation,0.984375,1.0009952783584595,2926,GCAGCA,2.015625,3086,GCGGCA,2.13671875,3086,GCGGCA,2.13671875,2926,GCAGCA,0.1294678896665573,1460,CAGCAN,0.17860554158687592,1460,CAGCAN,0.17860554158687592,False,False,True,1.3686716556549072e-05,
16,5,65,head_5,degradation,1.0,0.995024561882019,2926,GCAGCA,2.017578125,3086,GCGGCA,2.140625,3086,GCGGCA,2.140625,2926,GCAGCA,0.130018413066864,1460,CAGCAN,0.17871206998825073,1460,CAGCAN,0.17871206998825073,False,False,True,-0.00013031065464019775,
16,6,65,head_5,degradation,1.0,1.0003560781478882,2926,GCAGCA,2.015625,3086,GCGGCA,2.138671875,3086,GCGGCA,2.138671875,2926,GCAGCA,0.1296229511499405,1460,CAGCAN,0.17871306836605072,1460,CAGCAN,0.17871306836605072,False,False,True,-0.00029737502336502075,
16,7,65,head_5,degradation,1.0,1.0023397207260132,2926,GCAGCA,2.017578125,3086,GCGGCA,2.140625,3086,GCGGCA,2.140625,2926,GCAGCA,0.12993307411670685,1460,CAGCAN,0.17917069792747498,1460,CAGCAN,0.17917069792747498,False,False,True,-0.00024356693029403687,
16,8,65,head_5,degradation,0.984375,0.9989038705825806,2926,GCAGCA,2.01953125,3086,GCGGCA,2.140625,3086,GCGGCA,2.140625,2926,GCAGCA,0.13008876144886017,1460,CAGCAN,0.17907088994979858,1460,CAGCAN,0.17907088994979858,False,False,True,-0.000681750476360321,
16,9,65,head_5,degradation,1.0,1.002875804901123,2926,GCAGCA,2.015625,3086,GCGGCA,2.138671875,3086,GCGGCA,2.138671875,2926,GCAGCA,0.12959188222885132,1460,CAGCAN,0.178869366645813,1460,CAGCAN,0.178869366645813,False,False,True,-0.0008040815591812134,
16,10,65,head_5,degradation,1.0,1.003321886062622,2926,GCAGCA,2.015625,3086,GCGGCA,2.138671875,3086,GCGGCA,2.138671875,2926,GCAGCA,0.12957149744033813,1460,CAGCAN,0.1788821518421173,1460,CAGCAN,0.1788821518421173,False,False,True,-0.0005705505609512329,
16,11,65,head_5,degradation,1.0,1.0059517621994019,2926,GCAGCA,2.015625,3086,GCGGCA,2.138671875,3086,GCGGCA,2.138671875,2926,GCAGCA,0.1295686513185501,1460,CAGCAN,0.17907486855983734,1460,CAGCAN,0.17907486855983734,False,False,True,0.00012265890836715698,
16,12,65,head_5,degradation,1.015625,0.9992148876190186,2926,GCAGCA,2.015625,3086,GCGGCA,2.140625,3086,GCGGCA,2.140625,2926,GCAGCA,0.12975190579891205,1460,CAGCAN,0.17875716090202332,1460,CAGCAN,0.17875716090202332,False,False,True,0.0003886595368385315,
16,13,65,head_5,degradation,1.015625,1.0030430555343628,2926,GCAGCA,2.013671875,3086,GCGGCA,2.138671875,3086,GCGGCA,2.138671875,2926,GCAGCA,0.129259392619133,1460,CAGCAN,0.17854931950569153,1460,CAGCAN,0.17854931950569153,False,False,True,0.0002549365162849426,
16,14,65,head_5,degradation,1.0,1.0029302835464478,2926,GCAGCA,2.015625,3086,GCGGCA,2.138671875,3086,GCGGCA,2.138671875,2926,GCAGCA,0.12958817183971405,1460,CAGCAN,0.17886970937252045,1460,CAGCAN,0.17886970937252045,False,False,True,-0.0037624314427375793,
16,15,65,head_5,degradation,1.015625,1.0047171115875244,2926,GCAGCA,2.015625,3086,GCGGCA,2.140625,3086,GCGGCA,2.140625,2926,GCAGCA,0.1301393210887909,1460,CAGCAN,0.17955373227596283,1460,CAGCAN,0.17955373227596283,False,False,True,-0.00503801554441452,
16,16,65,head_5,degradation,1.0458984375,1.0008772611618042,2926,GCAGCA,2.015625,3086,GCGGCA,2.14453125,3086,GCGGCA,2.14453125,2926,GCAGCA,0.13034756481647491,1460,CAGCAN,0.17947643995285034,1460,CAGCAN,0.17947643995285034,False,False,True,-0.004211410880088806,
16,17,65,head_5,degradation,1.0458984375,1.004246473312378,2926,GCAGCA,2.013671875,3086,GCGGCA,2.142578125,3086,GCGGCA,2.142578125,2926,GCAGCA,0.12986712157726288,1460,CAGCAN,0.17924652993679047,1460,CAGCAN,0.17924652993679047,False,False,True,-0.0005738213658332825,
16,18,65,head_5,degradation,1.015625,1.0010700225830078,2926,GCAGCA,2.015625,3086,GCGGCA,2.140625,3086,GCGGCA,2.140625,2926,GCAGCA,0.1295112669467926,1460,CAGCAN,0.1786544770002365,1460,CAGCAN,0.1786544770002365,False,False,True,0.00038902461528778076,
16,19,65,head_5,degradation,1.0,1.000637412071228,2926,GCAGCA,2.015625,3086,GCGGCA,2.138671875,3086,GCGGCA,2.138671875,2926,GCAGCA,0.12957018613815308,1460,CAGCAN,0.17868122458457947,1460,CAGCAN,0.17868122458457947,False,False,True,-0.001966245472431183,
16,20,65,head_5,degradation,1.015625,1.0030932426452637,2926,GCAGCA,2.013671875,3086,GCGGCA,2.138671875,3086,GCGGCA,2.138671875,2926,GCAGCA,0.129062220454216,1460,CAGCAN,0.178355872631073,1460,CAGCAN,0.178355872631073,False,False,True,-0.004513084888458252,
16,21,65,head_5,degradation,1.0,1.0070635080337524,2926,GCAGCA,2.013671875,3086,GCGGCA,2.13671875,3086,GCGGCA,2.13671875,2926,GCAGCA,0.1292496770620346,1460,CAGCAN,0.1788385659456253,1460,CAGCAN,0.1788385659456253,False,False,True,-0.004300981760025024,
16,22,65,head_5,degradation,1.0,0.9961445331573486,2926,GCAGCA,2.017578125,3086,GCGGCA,2.140625,3086,GCGGCA,2.140625,2926,GCAGCA,0.1301678717136383,1460,CAGCAN,0.17894481122493744,1460,CAGCAN,0.17894481122493744,False,False,True,-0.0028826966881752014,
16,23,65,head_5,degradation,1.0,0.9994258880615234,2926,GCAGCA,2.017578125,3086,GCGGCA,2.140625,3086,GCGGCA,2.140625,2926,GCAGCA,0.13053399324417114,1460,CAGCAN,0.17955493927001953,1460,CAGCAN,0.17955493927001953,False,False,True,-0.00032970309257507324,
16,24,65,head_5,degradation,0.984375,0.9970316290855408,2926,GCAGCA,2.017578125,3086,GCGGCA,2.138671875,3086,GCGGCA,2.138671875,2926,GCAGCA,0.13070228695869446,1460,CAGCAN,0.17954519391059875,1460,CAGCAN,0.17954519391059875,False,False,True,0.0001315474510192871,
16,25,65,head_5,degradation,1.0,1.0074704885482788,2926,GCAGCA,2.015625,3086,GCGGCA,2.138671875,3086,GCGGCA,2.138671875,2926,GCAGCA,0.13029558956623077,1460,CAGCAN,0.17991474270820618,1460,CAGCAN,0.17991474270820618,False,False,True,-0.00043988972902297974,
16,26,65,head_5,degradation,0.984375,0.9981626272201538,2926,GCAGCA,2.01953125,3086,GCGGCA,2.140625,3086,GCGGCA,2.140625,2926,GCAGCA,0.13086123764514923,1460,CAGCAN,0.1797882467508316,1460,CAGCAN,0.1797882467508316,False,False,True,-0.00021530687808990479,
16,27,65,head_5,degradation,1.0,1.0006730556488037,2926,GCAGCA,2.021484375,3086,GCGGCA,2.14453125,3086,GCGGCA,2.14453125,2926,GCAGCA,0.1312428116798401,1460,CAGCAN,0.18035650253295898,1460,CAGCAN,0.18035650253295898,False,False,True,-0.00016029924154281616,
16,28,65,head_5,degradation,1.0,1.0012423992156982,2926,GCAGCA,2.015625,3086,GCGGCA,2.138671875,3086,GCGGCA,2.138671875,2926,GCAGCA,0.13077671825885773,1460,CAGCAN,0.17993274331092834,1460,CAGCAN,0.17993274331092834,False,False,True,0.0002013072371482849,
16,29,65,head_5,degradation,1.015625,1.0116102695465088,2926,GCAGCA,2.0078125,3086,GCGGCA,2.1328125,3086,GCGGCA,2.1328125,2926,GCAGCA,0.12970247864723206,1460,CAGCAN,0.17962947487831116,1460,CAGCAN,0.17962947487831116,False,False,True,0.00013443827629089355,
16,30,65,head_5,degradation,1.0458984375,1.0276089906692505,2926,GCAGCA,2.001953125,3086,GCGGCA,2.130859375,3086,GCGGCA,2.130859375,2926,GCAGCA,0.12903767824172974,1460,CAGCAN,0.18015436828136444,1460,CAGCAN,0.18015436828136444,False,False,True,5.412101745605469e-05,
16,31,65,head_5,degradation,0.83056640625,0.9780250787734985,2926,GCAGCA,2.03125,3086,GCGGCA,2.1328125,3086,GCGGCA,2.1328125,2926,GCAGCA,0.1311008632183075,1460,CAGCAN,0.17853040993213654,1460,CAGCAN,0.17853040993213654,False,False,True,-1.195073127746582e-05,
17,0,65,head_5,degradation,1.0,1.000000238418579,2926,GCAGCA,2.015625,3086,GCGGCA,2.138671875,3086,GCGGCA,2.138671875,2926,GCAGCA,0.12941646575927734,1460,CAGCAN,0.1784801185131073,1460,CAGCAN,0.1784801185131073,False,False,True,-0.0004383400082588196,
17,1,65,head_5,degradation,1.0,1.0,2926,GCAGCA,2.015625,3086,GCGGCA,2.138671875,3086,GCGGCA,2.138671875,2926,GCAGCA,0.12941645085811615,1460,CAGCAN,0.1784800887107849,1460,CAGCAN,0.1784800887107849,False,False,True,-0.0004214867949485779,
17,2,65,head_5,degradation,1.0,0.9999979734420776,2926,GCAGCA,2.015625,3086,GCGGCA,2.138671875,3086,GCGGCA,2.138671875,2926,GCAGCA,0.12941600382328033,1460,CAGCAN,0.17847949266433716,1460,CAGCAN,0.17847949266433716,False,False,True,-0.00023365020751953125,
17,3,65,head_5,degradation,1.0,1.000000238418579,2926,GCAGCA,2.015625,3086,GCGGCA,2.138671875,3086,GCGGCA,2.138671875,2926,GCAGCA,0.12941646575927734,1460,CAGCAN,0.1784801185131073,1460,CAGCAN,0.1784801185131073,False,False,True,-0.0004904419183731079,
17,4,65,head_5,degradation,1.0,0.9999979734420776,2926,GCAGCA,2.015625,3086,GCGGCA,2.138671875,3086,GCGGCA,2.138671875,2926,GCAGCA,0.12941600382328033,1460,CAGCAN,0.17847949266433716,1460,CAGCAN,0.17847949266433716,False,False,True,-0.0005468949675559998,
17,5,65,head_5,degradation,1.0,1.000000238418579,2926,GCAGCA,2.015625,3086,GCGGCA,2.138671875,3086,GCGGCA,2.138671875,2926,GCAGCA,0.12941646575927734,1460,CAGCAN,0.1784801185131073,1460,CAGCAN,0.1784801185131073,False,False,True,-0.0005193054676055908,
17,6,65,head_5,degradation,1.0,1.0,2926,GCAGCA,2.015625,3086,GCGGCA,2.138671875,3086,GCGGCA,2.138671875,2926,GCAGCA,0.12941645085811615,1460,CAGCAN,0.1784800887107849,1460,CAGCAN,0.1784800887107849,False,False,True,-0.00015128403902053833,
17,7,65,head_5,degradation,1.0,1.000000238418579,2926,GCAGCA,2.015625,3086,GCGGCA,2.138671875,3086,GCGGCA,2.138671875,2926,GCAGCA,0.12941646575927734,1460,CAGCAN,0.1784801185131073,1460,CAGCAN,0.1784801185131073,False,False,True,-0.0001880154013633728,
17,8,65,head_5,degradation,1.0,1.0,2926,GCAGCA,2.015625,3086,GCGGCA,2.138671875,3086,GCGGCA,2.138671875,2926,GCAGCA,0.12941645085811615,1460,CAGCAN,0.1784800887107849,1460,CAGCAN,0.1784800887107849,False,False,True,-0.0011647716164588928,
17,9,65,head_5,degradation,1.0,0.9999977946281433,2926,GCAGCA,2.015625,3086,GCGGCA,2.138671875,3086,GCGGCA,2.138671875,2926,GCAGCA,0.12941598892211914,1460,CAGCAN,0.17847946286201477,1460,CAGCAN,0.17847946286201477,False,False,True,-0.0010749772191047668,
17,10,65,head_5,degradation,1.0,0.9999992251396179,2926,GCAGCA,2.015625,3086,GCGGCA,2.138671875,3086,GCGGCA,2.138671875,2926,GCAGCA,0.12941627204418182,1460,CAGCAN,0.1784798502922058,1460,CAGCAN,0.1784798502922058,False,False,True,-0.0010211169719696045,
17,11,65,head_5,degradation,1.0,0.9999979734420776,2926,GCAGCA,2.015625,3086,GCGGCA,2.138671875,3086,GCGGCA,2.138671875,2926,GCAGCA,0.12941604852676392,1460,CAGCAN,0.17847953736782074,1460,CAGCAN,0.17847953736782074,False,False,True,-0.0002713799476623535,
17,12,65,head_5,degradation,1.0,1.0000008344650269,2926,GCAGCA,2.015625,3086,GCGGCA,2.138671875,3086,GCGGCA,2.138671875,2926,GCAGCA,0.1294165849685669,1460,CAGCAN,0.17848028242588043,1460,CAGCAN,0.17848028242588043,False,False,True,-0.0006961673498153687,
17,13,65,head_5,degradation,1.0,1.0000017881393433,2926,GCAGCA,2.015625,3086,GCGGCA,2.138671875,3086,GCGGCA,2.138671875,2926,GCAGCA,0.12941677868366241,1460,CAGCAN,0.17848055064678192,1460,CAGCAN,0.17848055064678192,False,False,True,-0.0009647384285926819,
17,14,65,head_5,degradation,1.0,1.0000430345535278,2926,GCAGCA,2.015625,3086,GCGGCA,2.138671875,3086,GCGGCA,2.138671875,2926,GCAGCA,0.12941765785217285,1460,CAGCAN,0.1784844994544983,1460,CAGCAN,0.1784844994544983,False,False,True,0.0038624033331871033,
17,15,65,head_5,degradation,1.0,1.0000441074371338,2926,GCAGCA,2.015625,3086,GCGGCA,2.138671875,3086,GCGGCA,2.138671875,2926,GCAGCA,0.1294250339269638,1460,CAGCAN,0.17849195003509521,1460,CAGCAN,0.17849195003509521,False,False,True,0.0032306089997291565,
17,16,65,head_5,degradation,1.0,0.9987952709197998,2926,GCAGCA,2.015625,3086,GCGGCA,2.138671875,3086,GCGGCA,2.138671875,2926,GCAGCA,0.12918724119663239,1460,CAGCAN,0.17816129326820374,1460,CAGCAN,0.17816129326820374,False,False,True,0.0025564879179000854,
17,17,65,head_5,degradation,1.0,0.9994677901268005,2926,GCAGCA,2.015625,3086,GCGGCA,2.138671875,3086,GCGGCA,2.138671875,2926,GCAGCA,0.1293192058801651,1460,CAGCAN,0.178343266248703,1460,CAGCAN,0.178343266248703,False,False,True,-0.0022659599781036377,
17,18,65,head_5,degradation,1.0,0.9985738396644592,2926,GCAGCA,2.015625,3086,GCGGCA,2.138671875,3086,GCGGCA,2.138671875,2926,GCAGCA,0.1291438341140747,1460,CAGCAN,0.17810142040252686,1460,CAGCAN,0.17810142040252686,False,False,True,-0.0015388503670692444,
17,19,65,head_5,degradation,1.0,0.9992403388023376,2926,GCAGCA,2.015625,3086,GCGGCA,2.138671875,3086,GCGGCA,2.138671875,2926,GCAGCA,0.12926024198532104,1460,CAGCAN,0.17826738953590393,1460,CAGCAN,0.17826738953590393,False,False,True,-0.002164416015148163,
17,20,65,head_5,degradation,1.0,0.9986389875411987,2926,GCAGCA,2.015625,3086,GCGGCA,2.138671875,3086,GCGGCA,2.138671875,2926,GCAGCA,0.12914225459098816,1460,CAGCAN,0.1781046837568283,1460,CAGCAN,0.1781046837568283,False,False,True,-0.002089880406856537,
17,21,65,head_5,degradation,1.0,0.9994342923164368,2926,GCAGCA,2.015625,3086,GCGGCA,2.138671875,3086,GCGGCA,2.138671875,2926,GCAGCA,0.12931981682777405,1460,CAGCAN,0.17834138870239258,1460,CAGCAN,0.17834138870239258,False,False,True,-0.0019721761345863342,
17,22,65,head_5,degradation,1.0,0.998518705368042,2926,GCAGCA,2.015625,3086,GCGGCA,2.138671875,3086,GCGGCA,2.138671875,2926,GCAGCA,0.1291402131319046,1460,CAGCAN,0.17809370160102844,1460,CAGCAN,0.17809370160102844,False,False,True,-0.0008464008569717407,
17,23,65,head_5,degradation,1.0,0.9959102869033813,2926,GCAGCA,2.015625,3086,GCGGCA,2.138671875,3086,GCGGCA,2.138671875,2926,GCAGCA,0.12869994342327118,1460,CAGCAN,0.1774594634771347,1460,CAGCAN,0.1774594634771347,False,False,True,-0.00132838636636734,
17,24,65,head_5,degradation,1.0,0.9958918690681458,2926,GCAGCA,2.015625,3086,GCGGCA,2.138671875,3086,GCGGCA,2.138671875,2926,GCAGCA,0.12871062755584717,1460,CAGCAN,0.17746877670288086,1460,CAGCAN,0.17746877670288086,False,False,True,-0.0009903088212013245,
17,25,65,head_5,degradation,1.0,0.9975566864013672,2926,GCAGCA,2.015625,3086,GCGGCA,2.138671875,3086,GCGGCA,2.138671875,2926,GCAGCA,0.12887991964817047,1460,CAGCAN,0.17776186764240265,1460,CAGCAN,0.17776186764240265,False,False,True,-0.0002671182155609131,
17,26,65,head_5,degradation,1.0,0.9999196529388428,2926,GCAGCA,2.015625,3086,GCGGCA,2.138671875,3086,GCGGCA,2.138671875,2926,GCAGCA,0.12960927188396454,1460,CAGCAN,0.17866693437099457,1460,CAGCAN,0.17866693437099457,False,False,True,0.0003106743097305298,
17,27,65,head_5,degradation,1.0,0.9960423707962036,2926,GCAGCA,2.015625,3086,GCGGCA,2.138671875,3086,GCGGCA,2.138671875,2926,GCAGCA,0.1287759393453598,1460,CAGCAN,0.17754527926445007,1460,CAGCAN,0.17754527926445007,False,False,True,2.742558717727661e-05,
17,28,65,head_5,degradation,1.0,1.0050930976867676,2926,GCAGCA,2.015625,3086,GCGGCA,2.138671875,3086,GCGGCA,2.138671875,2926,GCAGCA,0.13058209419250488,1460,CAGCAN,0.18002445995807648,1460,CAGCAN,0.18002445995807648,False,False,True,-0.0003968924283981323,
17,29,65,head_5,degradation,1.0,1.0151443481445312,2926,GCAGCA,2.015625,3086,GCGGCA,2.138671875,3086,GCGGCA,2.138671875,2926,GCAGCA,0.13270354270935059,1460,CAGCAN,0.18289333581924438,1460,CAGCAN,0.18289333581924438,False,False,True,-0.0008760243654251099,
17,30,65,head_5,degradation,1.0,1.0295567512512207,2926,GCAGCA,2.015625,3086,GCGGCA,2.138671875,3086,GCGGCA,2.138671875,2926,GCAGCA,0.13333041965961456,1460,CAGCAN,0.18459194898605347,1460,CAGCAN,0.18459194898605347,False,False,True,-0.000831015408039093,
17,31,65,head_5,degradation,0.89208984375,0.9852939248085022,2926,GCAGCA,2.0,3086,GCGGCA,2.109375,3086,GCGGCA,2.109375,2926,GCAGCA,0.1314985454082489,1460,CAGCAN,0.17946861684322357,1460,CAGCAN,0.17946861684322357,False,False,True,-0.000798642635345459,
