Layer,Time_Offset,Target_Timestep,Component,Metric_Mode,Logit_Score,Posteriors_Score,Target_Transition_Prior,Target_String_Prior,Target_Logit,Wrong_Transition_Prior,Wrong_String_Prior,Wrong_Logit,Actual_Argmax_Prior,Actual_String_Prior,Actual_Argmax_Logit,Target_Transition_Post,Target_String_Post,Target_Prob,Wrong_Transition_Post,Wrong_String_Post,Wrong_Prob,Actual_Transition_Post,actual_String_Post,actual_Prob,Is_Target_Logit_Argmax,Is_Target_Prob_Argmax,Should_Decode,Global_MSE_Change,New_String
0,0,67,head_3,recovery,0.01318359375,-0.01905190944671631,4572,TGCAGC,1.900390625,872,AGGTGC,2.2109375,872,AGGTGC,2.2109375,2395,CTCTTN,0.020808929577469826,565,ACTACN,0.05971943587064743,565,ACTACN,0.05971943587064743,False,False,True,-0.0005750358104705811,
0,1,67,head_3,recovery,0.0087890625,-0.021570563316345215,4572,TGCAGC,1.8984375,872,AGGTGC,2.2109375,872,AGGTGC,2.2109375,2395,CTCTTN,0.020828142762184143,565,ACTACN,0.05991337448358536,565,ACTACN,0.05991337448358536,False,False,True,-0.00032398104667663574,
0,2,67,head_3,recovery,-0.001953125,-0.003925800323486328,4572,TGCAGC,1.8994140625,872,AGGTGC,2.216796875,872,AGGTGC,2.216796875,2395,CTCTTN,0.020838098600506783,565,ACTACN,0.05869927257299423,565,ACTACN,0.05869927257299423,False,False,True,0.0011803805828094482,
0,3,67,head_3,recovery,0.0068359375,-0.006589293479919434,4572,TGCAGC,1.8994140625,872,AGGTGC,2.212890625,872,AGGTGC,2.212890625,2395,CTCTTN,0.02079140394926071,565,ACTACN,0.05883735045790672,565,ACTACN,0.05883735045790672,False,False,True,0.0009374022483825684,
0,4,67,head_3,recovery,0.00439453125,-0.009393692016601562,4572,TGCAGC,1.900390625,872,AGGTGC,2.21484375,872,AGGTGC,2.21484375,2395,CTCTTN,0.02078717015683651,565,ACTACN,0.059027671813964844,565,ACTACN,0.059027671813964844,False,False,True,0.0012012720108032227,
0,5,67,head_3,recovery,0.00439453125,-0.004166245460510254,4572,TGCAGC,1.900390625,872,AGGTGC,2.21484375,872,AGGTGC,2.21484375,2395,CTCTTN,0.020792147144675255,565,ACTACN,0.058670006692409515,565,ACTACN,0.058670006692409515,False,False,True,0.0007503926753997803,
0,6,67,head_3,recovery,0.015625,-0.005930185317993164,4572,TGCAGC,1.8994140625,872,AGGTGC,2.208984375,872,AGGTGC,2.208984375,2395,CTCTTN,0.020842071622610092,565,ACTACN,0.05884229764342308,565,ACTACN,0.05884229764342308,False,False,True,0.0004495978355407715,
0,7,67,head_3,recovery,-0.0048828125,-0.0026416778564453125,4572,TGCAGC,1.896484375,872,AGGTGC,2.21484375,872,AGGTGC,2.21484375,2395,CTCTTN,0.020865989848971367,565,ACTACN,0.058638084679841995,565,ACTACN,0.058638084679841995,False,False,True,0.0015621781349182129,
0,8,67,head_3,recovery,0.01123046875,-0.004839062690734863,4572,TGCAGC,1.8994140625,872,AGGTGC,2.2109375,872,AGGTGC,2.2109375,2395,CTCTTN,0.020717725157737732,565,ACTACN,0.05864226445555687,565,ACTACN,0.05864226445555687,False,False,True,0.000840306282043457,
0,9,67,head_3,recovery,0.00244140625,-0.015025496482849121,4572,TGCAGC,1.8955078125,872,AGGTGC,2.2109375,872,AGGTGC,2.2109375,2395,CTCTTN,0.020738622173666954,565,ACTACN,0.05936980992555618,565,ACTACN,0.05936980992555618,False,False,True,0.00023895502090454102,
0,10,67,head_3,recovery,0.0087890625,-0.01010751724243164,4572,TGCAGC,1.90234375,872,AGGTGC,2.21484375,872,AGGTGC,2.21484375,2395,CTCTTN,0.02084008790552616,565,ACTACN,0.05913010239601135,565,ACTACN,0.05913010239601135,False,False,True,-0.0004917383193969727,
0,11,67,head_3,recovery,0.01318359375,-0.0143662691116333,4572,TGCAGC,1.908203125,872,AGGTGC,2.21875,872,AGGTGC,2.21875,2395,CTCTTN,0.020720385015010834,565,ACTACN,0.059305839240550995,565,ACTACN,0.059305839240550995,False,False,True,-0.00029784440994262695,
0,12,67,head_3,recovery,0.0068359375,-0.002529740333557129,4572,TGCAGC,1.9033203125,872,AGGTGC,2.216796875,872,AGGTGC,2.216796875,2395,CTCTTN,0.020761216059327126,565,ACTACN,0.05852554365992546,565,ACTACN,0.05852554365992546,False,False,True,0.0003293454647064209,
0,13,67,head_3,recovery,0.0,-0.00506436824798584,4572,TGCAGC,1.900390625,872,AGGTGC,2.216796875,872,AGGTGC,2.216796875,2395,CTCTTN,0.02079094760119915,565,ACTACN,0.05873110890388489,565,ACTACN,0.05873110890388489,False,False,True,0.0005732476711273193,
0,14,67,head_3,recovery,0.0087890625,-0.006516098976135254,4572,TGCAGC,1.90234375,872,AGGTGC,2.21484375,872,AGGTGC,2.21484375,2395,CTCTTN,0.020823990926146507,565,ACTACN,0.058864858001470566,565,ACTACN,0.058864858001470566,False,False,True,-7.984042167663574e-05,
0,15,67,head_3,recovery,0.015625,-0.01340794563293457,4572,TGCAGC,1.8955078125,872,AGGTGC,2.205078125,872,AGGTGC,2.205078125,2395,CTCTTN,0.020903075113892555,565,ACTACN,0.059422049671411514,565,ACTACN,0.059422049671411514,False,False,True,0.0011410415172576904,
0,16,67,head_3,recovery,0.0068359375,-0.015365958213806152,4572,TGCAGC,1.9052734375,872,AGGTGC,2.21875,872,AGGTGC,2.21875,2395,CTCTTN,0.020648479461669922,565,ACTACN,0.05930328369140625,565,ACTACN,0.05930328369140625,False,False,True,0.0028627514839172363,
0,17,67,head_3,recovery,0.00439453125,-0.0006058216094970703,4572,TGCAGC,1.8984375,872,AGGTGC,2.212890625,872,AGGTGC,2.212890625,2395,CTCTTN,0.020717713981866837,565,ACTACN,0.058348577469587326,565,ACTACN,0.058348577469587326,False,False,True,0.0035877525806427,
0,18,67,head_3,recovery,-0.0068359375,-0.0029337406158447266,4572,TGCAGC,1.9052734375,872,AGGTGC,2.224609375,872,AGGTGC,2.224609375,2395,CTCTTN,0.020791862159967422,565,ACTACN,0.058584216982126236,565,ACTACN,0.058584216982126236,False,False,True,0.006554156541824341,
0,19,67,head_3,recovery,0.0087890625,0.0002544522285461426,4572,TGCAGC,1.90625,872,AGGTGC,2.21875,872,AGGTGC,2.21875,2395,CTCTTN,0.021012306213378906,565,ACTACN,0.05858348682522774,565,ACTACN,0.05858348682522774,False,False,True,0.009184300899505615,
0,20,67,head_3,recovery,0.01123046875,-0.0004444122314453125,4572,TGCAGC,1.9091796875,872,AGGTGC,2.220703125,872,AGGTGC,2.220703125,2395,CTCTTN,0.020964520052075386,565,ACTACN,0.05858418717980385,565,ACTACN,0.05858418717980385,False,False,True,0.005255967378616333,
0,21,67,head_3,recovery,0.0087890625,-0.006228089332580566,4572,TGCAGC,1.904296875,872,AGGTGC,2.216796875,872,AGGTGC,2.216796875,2395,CTCTTN,0.02077428251504898,565,ACTACN,0.058795176446437836,565,ACTACN,0.058795176446437836,False,False,True,0.001185685396194458,
0,22,67,head_3,recovery,0.01318359375,0.005764603614807129,4572,TGCAGC,1.904296875,872,AGGTGC,2.21484375,872,AGGTGC,2.21484375,2395,CTCTTN,0.020943211391568184,565,ACTACN,0.05813214182853699,565,ACTACN,0.05813214182853699,False,False,True,-0.003098905086517334,
0,23,67,head_3,recovery,0.017578125,-0.007979154586791992,4572,TGCAGC,1.904296875,872,AGGTGC,2.212890625,872,AGGTGC,2.212890625,2395,CTCTTN,0.02087363786995411,565,ACTACN,0.05901600420475006,565,ACTACN,0.05901600420475006,False,False,True,-0.0013371109962463379,
0,24,67,head_3,recovery,0.01123046875,-0.0037692785263061523,4572,TGCAGC,1.9052734375,872,AGGTGC,2.216796875,872,AGGTGC,2.216796875,2395,CTCTTN,0.020804060623049736,565,ACTACN,0.05865437909960747,565,ACTACN,0.05865437909960747,False,False,True,-0.00048026442527770996,
0,25,67,head_3,recovery,0.01318359375,-0.014195442199707031,4572,TGCAGC,1.904296875,872,AGGTGC,2.21484375,872,AGGTGC,2.21484375,2395,CTCTTN,0.020660193637013435,565,ACTACN,0.05923380330204964,565,ACTACN,0.05923380330204964,False,False,True,0.00025597214698791504,
0,26,67,head_3,recovery,0.01123046875,-0.01024925708770752,4572,TGCAGC,1.8994140625,872,AGGTGC,2.2109375,872,AGGTGC,2.2109375,2395,CTCTTN,0.02072751708328724,565,ACTACN,0.05902736634016037,565,ACTACN,0.05902736634016037,False,False,True,0.00010839104652404785,
0,27,67,head_3,recovery,0.0,-0.01294863224029541,4572,TGCAGC,1.900390625,872,AGGTGC,2.216796875,872,AGGTGC,2.216796875,2395,CTCTTN,0.02088824473321438,565,ACTACN,0.05937535688281059,565,ACTACN,0.05937535688281059,False,False,True,-0.0002792775630950928,
0,28,67,head_3,recovery,-0.0087890625,-0.009893417358398438,4572,TGCAGC,1.896484375,872,AGGTGC,2.216796875,872,AGGTGC,2.216796875,2395,CTCTTN,0.020591404289007187,565,ACTACN,0.05886656418442726,565,ACTACN,0.05886656418442726,False,False,True,0.0014965236186981201,
0,29,67,head_3,recovery,-0.0048828125,-0.002787947654724121,4572,TGCAGC,1.89453125,872,AGGTGC,2.212890625,872,AGGTGC,2.212890625,2395,CTCTTN,0.020787283778190613,565,ACTACN,0.0585695318877697,565,ACTACN,0.0585695318877697,False,False,True,0.002090364694595337,
0,30,67,head_3,recovery,-0.013671875,-0.017242431640625,4572,TGCAGC,1.892578125,872,AGGTGC,2.21484375,872,AGGTGC,2.21484375,2395,CTCTTN,0.020501308143138885,565,ACTACN,0.05928628891706467,565,ACTACN,0.05928628891706467,False,False,True,0.002128392457962036,
0,31,67,head_3,recovery,-0.0224609375,-0.02852010726928711,4572,TGCAGC,1.88671875,872,AGGTGC,2.212890625,872,AGGTGC,2.212890625,2395,CTCTTN,0.02063542790710926,565,ACTACN,0.06020276993513107,565,ACTACN,0.06020276993513107,False,False,True,0.001289069652557373,
0,32,67,head_3,recovery,-0.015625,-0.043038129806518555,4572,TGCAGC,1.8857421875,872,AGGTGC,2.208984375,872,AGGTGC,2.208984375,2395,CTCTTN,0.02076723426580429,565,ACTACN,0.061341725289821625,565,ACTACN,0.061341725289821625,False,False,True,-0.0009504854679107666,
0,33,67,head_3,recovery,-0.0087890625,-0.05037713050842285,4572,TGCAGC,1.88671875,872,AGGTGC,2.20703125,872,AGGTGC,2.20703125,2395,CTCTTN,0.02088344842195511,565,ACTACN,0.06196706369519234,565,ACTACN,0.06196706369519234,False,False,True,-0.0008949041366577148,
0,34,67,head_3,recovery,-0.001953125,-0.06267809867858887,4572,TGCAGC,1.8837890625,872,AGGTGC,2.201171875,872,AGGTGC,2.201171875,2395,CTCTTN,0.020992334932088852,565,ACTACN,0.06292928755283356,565,ACTACN,0.06292928755283356,False,False,True,-0.0006072819232940674,
1,0,67,head_3,recovery,0.00439453125,-0.007923603057861328,4572,TGCAGC,1.900390625,872,AGGTGC,2.21484375,872,AGGTGC,2.21484375,2395,CTCTTN,0.020684922114014626,565,ACTACN,0.05882343649864197,565,ACTACN,0.05882343649864197,False,False,True,0.0012833774089813232,
1,1,67,head_3,recovery,0.00244140625,-0.01409447193145752,4572,TGCAGC,1.8994140625,872,AGGTGC,2.21484375,872,AGGTGC,2.21484375,2395,CTCTTN,0.020708315074443817,565,ACTACN,0.059274908155202866,565,ACTACN,0.059274908155202866,False,False,True,0.0015715062618255615,
1,2,67,head_3,recovery,0.00439453125,-0.009344220161437988,4572,TGCAGC,1.896484375,872,AGGTGC,2.2109375,872,AGGTGC,2.2109375,2395,CTCTTN,0.020785300061106682,565,ACTACN,0.059022363275289536,565,ACTACN,0.059022363275289536,False,False,True,0.0005557537078857422,
1,3,67,head_3,recovery,-0.001953125,-0.01830148696899414,4572,TGCAGC,1.8955078125,872,AGGTGC,2.212890625,872,AGGTGC,2.212890625,2395,CTCTTN,0.02062324807047844,565,ACTACN,0.059481699019670486,565,ACTACN,0.059481699019670486,False,False,True,0.0015372633934020996,
1,4,67,head_3,recovery,0.01123046875,-0.00802755355834961,4572,TGCAGC,1.8994140625,872,AGGTGC,2.2109375,872,AGGTGC,2.2109375,2395,CTCTTN,0.020751284435391426,565,ACTACN,0.058897003531455994,565,ACTACN,0.058897003531455994,False,False,True,0.0013367235660552979,
1,5,67,head_3,recovery,0.0,-0.018853306770324707,4572,TGCAGC,1.890625,872,AGGTGC,2.20703125,872,AGGTGC,2.20703125,2395,CTCTTN,0.020697182044386864,565,ACTACN,0.059593915939331055,565,ACTACN,0.059593915939331055,False,False,True,0.0009393990039825439,
1,6,67,head_3,recovery,0.00439453125,-0.018328070640563965,4572,TGCAGC,1.892578125,872,AGGTGC,2.20703125,872,AGGTGC,2.20703125,2395,CTCTTN,0.020586702972650528,565,ACTACN,0.05944700539112091,565,ACTACN,0.05944700539112091,False,False,True,0.0018883049488067627,
1,7,67,head_3,recovery,0.0,-0.022686362266540527,4572,TGCAGC,1.892578125,872,AGGTGC,2.208984375,872,AGGTGC,2.208984375,2395,CTCTTN,0.02061523124575615,565,ACTACN,0.0597778782248497,565,ACTACN,0.0597778782248497,False,False,True,0.002118140459060669,
1,8,67,head_3,recovery,0.0087890625,-0.009647846221923828,4572,TGCAGC,1.8984375,872,AGGTGC,2.2109375,872,AGGTGC,2.2109375,2395,CTCTTN,0.020764943212270737,565,ACTACN,0.059023067355155945,565,ACTACN,0.059023067355155945,False,False,True,0.001183837652206421,
1,9,67,head_3,recovery,-0.0048828125,-0.005095124244689941,4572,TGCAGC,1.896484375,872,AGGTGC,2.21484375,872,AGGTGC,2.21484375,2395,CTCTTN,0.020835399627685547,565,ACTACN,0.05877770110964775,565,ACTACN,0.05877770110964775,False,False,True,0.0016962885856628418,
1,10,67,head_3,recovery,0.0,-0.004575371742248535,4572,TGCAGC,1.896484375,872,AGGTGC,2.212890625,872,AGGTGC,2.212890625,2395,CTCTTN,0.02079003117978573,565,ACTACN,0.05869626998901367,565,ACTACN,0.05869626998901367,False,False,True,0.0008934140205383301,
1,11,67,head_3,recovery,-0.0087890625,-0.01245105266571045,4572,TGCAGC,1.89453125,872,AGGTGC,2.21484375,872,AGGTGC,2.21484375,2395,CTCTTN,0.02074327878654003,565,ACTACN,0.059195876121520996,565,ACTACN,0.059195876121520996,False,False,True,0.0012523829936981201,
1,12,67,head_3,recovery,0.017578125,0.006106436252593994,4572,TGCAGC,1.904296875,872,AGGTGC,2.212890625,872,AGGTGC,2.212890625,2395,CTCTTN,0.02111012302339077,565,ACTACN,0.05827534198760986,565,ACTACN,0.05827534198760986,False,False,True,0.0008916556835174561,
1,13,67,head_3,recovery,0.00439453125,-0.0027445554733276367,4572,TGCAGC,1.896484375,872,AGGTGC,2.2109375,872,AGGTGC,2.2109375,2395,CTCTTN,0.020948240533471107,565,ACTACN,0.05872747302055359,565,ACTACN,0.05872747302055359,False,False,True,0.0017844438552856445,
1,14,67,head_3,recovery,-0.001953125,0.018595755100250244,4572,TGCAGC,1.9052734375,872,AGGTGC,2.22265625,872,AGGTGC,2.22265625,2395,CTCTTN,0.021200725808739662,565,ACTACN,0.05749953165650368,565,ACTACN,0.05749953165650368,False,False,True,-0.0023620426654815674,
1,15,67,head_3,recovery,-0.029296875,0.03802752494812012,4572,TGCAGC,1.9130859375,872,AGGTGC,2.2421875,872,AGGTGC,2.2421875,2395,CTCTTN,0.021016428247094154,565,ACTACN,0.05596720427274704,565,ACTACN,0.05596720427274704,False,False,True,-0.011272281408309937,
1,16,67,head_3,recovery,-0.0224609375,0.052810490131378174,4572,TGCAGC,1.912109375,872,AGGTGC,2.23828125,872,AGGTGC,2.23828125,2395,CTCTTN,0.02144833840429783,565,ACTACN,0.05537359043955803,565,ACTACN,0.05537359043955803,False,False,True,-0.02011263370513916,
1,17,67,head_3,recovery,-0.046875,0.044359803199768066,4572,TGCAGC,1.9189453125,872,AGGTGC,2.255859375,872,AGGTGC,2.255859375,2395,CTCTTN,0.021531978622078896,565,ACTACN,0.05604346841573715,565,ACTACN,0.05604346841573715,False,False,True,-0.0393390953540802,
1,18,67,head_3,recovery,-0.0087890625,0.012479543685913086,4572,TGCAGC,1.9453125,872,AGGTGC,2.265625,872,AGGTGC,2.265625,2395,CTCTTN,0.021159863099455833,565,ACTACN,0.05788296088576317,565,ACTACN,0.05788296088576317,False,False,True,-0.053292155265808105,
1,19,67,head_3,recovery,0.08447265625,-0.00706636905670166,4572,TGCAGC,1.921875,872,AGGTGC,2.201171875,872,AGGTGC,2.201171875,2395,CTCTTN,0.02072818949818611,565,ACTACN,0.05880723148584366,565,ACTACN,0.05880723148584366,False,False,True,-0.034725338220596313,
1,20,67,head_3,recovery,0.12890625,-0.01864790916442871,4572,TGCAGC,1.912109375,872,AGGTGC,2.171875,872,AGGTGC,2.171875,2395,CTCTTN,0.020481107756495476,565,ACTACN,0.05936358869075775,565,ACTACN,0.05936358869075775,False,False,True,-0.01677224040031433,
1,21,67,head_3,recovery,0.15576171875,-0.011974930763244629,4572,TGCAGC,1.875,872,AGGTGC,2.123046875,872,AGGTGC,2.123046875,2395,CTCTTN,0.021017398685216904,565,ACTACN,0.05943696200847626,565,ACTACN,0.05943696200847626,False,False,True,0.010864853858947754,
1,22,67,head_3,recovery,0.00244140625,0.005197644233703613,4572,TGCAGC,1.8837890625,872,AGGTGC,2.19921875,872,AGGTGC,2.19921875,2395,CTCTTN,0.020676063373684883,565,ACTACN,0.05790432542562485,565,ACTACN,0.05790432542562485,False,False,True,0.010090529918670654,
1,23,67,head_3,recovery,0.03564453125,-0.0005307197570800781,4572,TGCAGC,1.88671875,872,AGGTGC,2.1875,872,AGGTGC,2.1875,2395,CTCTTN,0.02110598422586918,565,ACTACN,0.05873163789510727,565,ACTACN,0.05873163789510727,False,False,True,0.013798415660858154,
1,24,67,head_3,recovery,0.015625,0.00036513805389404297,4572,TGCAGC,1.8955078125,872,AGGTGC,2.205078125,872,AGGTGC,2.205078125,2395,CTCTTN,0.0211536455899477,565,ACTACN,0.05871714651584625,565,ACTACN,0.05871714651584625,False,False,True,0.005176275968551636,
1,25,67,head_3,recovery,0.01318359375,0.0035070180892944336,4572,TGCAGC,1.8984375,872,AGGTGC,2.208984375,872,AGGTGC,2.208984375,2395,CTCTTN,0.021035421639680862,565,ACTACN,0.058380965143442154,565,ACTACN,0.058380965143442154,False,False,True,0.0014803111553192139,
1,26,67,head_3,recovery,-0.0087890625,0.0026515722274780273,4572,TGCAGC,1.89453125,872,AGGTGC,2.21484375,872,AGGTGC,2.21484375,2395,CTCTTN,0.02078106440603733,565,ACTACN,0.05818594992160797,565,ACTACN,0.05818594992160797,False,False,True,0.0007260441780090332,
1,27,67,head_3,recovery,0.02001953125,-0.008569955825805664,4572,TGCAGC,1.9033203125,872,AGGTGC,2.2109375,872,AGGTGC,2.2109375,2395,CTCTTN,0.020939547568559647,565,ACTACN,0.059122905135154724,565,ACTACN,0.059122905135154724,False,False,True,-0.00015944242477416992,
1,28,67,head_3,recovery,0.015625,-0.006883859634399414,4572,TGCAGC,1.8994140625,872,AGGTGC,2.208984375,872,AGGTGC,2.208984375,2395,CTCTTN,0.020902059972286224,565,ACTACN,0.058968447148799896,565,ACTACN,0.058968447148799896,False,False,True,0.0010220110416412354,
1,29,67,head_3,recovery,0.00439453125,-0.01725924015045166,4572,TGCAGC,1.89453125,872,AGGTGC,2.208984375,872,AGGTGC,2.208984375,2395,CTCTTN,0.020794492214918137,565,ACTACN,0.059580642729997635,565,ACTACN,0.059580642729997635,False,False,True,0.0020082294940948486,
1,30,67,head_3,recovery,0.0068359375,-0.009397387504577637,4572,TGCAGC,1.8935546875,872,AGGTGC,2.20703125,872,AGGTGC,2.20703125,2395,CTCTTN,0.020770179107785225,565,ACTACN,0.059010930359363556,565,ACTACN,0.059010930359363556,False,False,True,0.002532392740249634,
1,31,67,head_3,recovery,0.00439453125,-0.00454866886138916,4572,TGCAGC,1.896484375,872,AGGTGC,2.2109375,872,AGGTGC,2.2109375,2395,CTCTTN,0.02097482606768608,565,ACTACN,0.05887921527028084,565,ACTACN,0.05887921527028084,False,False,True,0.0017087459564208984,
1,32,67,head_3,recovery,0.017578125,0.007595241069793701,4572,TGCAGC,1.904296875,872,AGGTGC,2.212890625,872,AGGTGC,2.212890625,2395,CTCTTN,0.02101372554898262,565,ACTACN,0.05807565897703171,565,ACTACN,0.05807565897703171,False,False,True,0.0012592971324920654,
1,33,67,head_3,recovery,0.01318359375,0.015919148921966553,4572,TGCAGC,1.90625,872,AGGTGC,2.216796875,872,AGGTGC,2.216796875,2395,CTCTTN,0.021013278514146805,565,ACTACN,0.057497765868902206,565,ACTACN,0.057497765868902206,False,False,True,0.0011109113693237305,
1,34,67,head_3,recovery,0.0224609375,0.02860879898071289,4572,TGCAGC,1.91015625,872,AGGTGC,2.216796875,872,AGGTGC,2.216796875,2395,CTCTTN,0.02128325030207634,565,ACTACN,0.0568874292075634,565,ACTACN,0.0568874292075634,False,False,True,-0.001715153455734253,
2,0,67,head_3,recovery,0.01318359375,-0.03730118274688721,4572,TGCAGC,1.89453125,872,AGGTGC,2.205078125,872,AGGTGC,2.205078125,2395,CTCTTN,0.020536044612526894,565,ACTACN,0.0607125498354435,565,ACTACN,0.0607125498354435,False,False,True,0.00380900502204895,
2,1,67,head_3,recovery,0.03759765625,-0.03913605213165283,4572,TGCAGC,1.8935546875,872,AGGTGC,2.193359375,872,AGGTGC,2.193359375,2395,CTCTTN,0.02062392421066761,565,ACTACN,0.06092771515250206,565,ACTACN,0.06092771515250206,False,False,True,0.005312085151672363,
2,2,67,head_3,recovery,0.0087890625,-0.011171221733093262,4572,TGCAGC,1.896484375,872,AGGTGC,2.208984375,872,AGGTGC,2.208984375,2395,CTCTTN,0.020755290985107422,565,ACTACN,0.0591190941631794,565,ACTACN,0.0591190941631794,False,False,True,0.0037629008293151855,
2,3,67,head_3,recovery,0.0244140625,0.0026842355728149414,4572,TGCAGC,1.9033203125,872,AGGTGC,2.208984375,872,AGGTGC,2.208984375,2395,CTCTTN,0.02094992622733116,565,ACTACN,0.058352552354335785,565,ACTACN,0.058352552354335785,False,False,True,0.0018121600151062012,
2,4,67,head_3,recovery,0.0,-0.007899641990661621,4572,TGCAGC,1.896484375,872,AGGTGC,2.212890625,872,AGGTGC,2.212890625,2395,CTCTTN,0.020854366943240166,565,ACTACN,0.058991216123104095,565,ACTACN,0.058991216123104095,False,False,True,0.0015020370483398438,
2,5,67,head_3,recovery,-0.001953125,-0.004700779914855957,4572,TGCAGC,1.9052734375,872,AGGTGC,2.22265625,872,AGGTGC,2.22265625,2395,CTCTTN,0.02065053954720497,565,ACTACN,0.058565475046634674,565,ACTACN,0.058565475046634674,False,False,True,0.0008785724639892578,
2,6,67,head_3,recovery,0.01318359375,0.0012739896774291992,4572,TGCAGC,1.90234375,872,AGGTGC,2.212890625,872,AGGTGC,2.212890625,2395,CTCTTN,0.020608840510249138,565,ACTACN,0.05810929462313652,565,ACTACN,0.05810929462313652,False,False,True,0.0032608509063720703,
2,7,67,head_3,recovery,0.00439453125,-0.009214282035827637,4572,TGCAGC,1.896484375,872,AGGTGC,2.2109375,872,AGGTGC,2.2109375,2395,CTCTTN,0.02049383334815502,565,ACTACN,0.0587218813598156,565,ACTACN,0.0587218813598156,False,False,True,0.003379255533218384,
2,8,67,head_3,recovery,0.0087890625,-0.0211484432220459,4572,TGCAGC,1.892578125,872,AGGTGC,2.205078125,872,AGGTGC,2.205078125,2395,CTCTTN,0.020426997914910316,565,ACTACN,0.05948294699192047,565,ACTACN,0.05948294699192047,False,False,True,0.003388702869415283,
2,9,67,head_3,recovery,0.017578125,-0.04161202907562256,4572,TGCAGC,1.89453125,872,AGGTGC,2.203125,872,AGGTGC,2.203125,2395,CTCTTN,0.020473362877964973,565,ACTACN,0.060948919504880905,565,ACTACN,0.060948919504880905,False,False,True,0.003973633050918579,
2,10,67,head_3,recovery,0.0400390625,-0.04203295707702637,4572,TGCAGC,1.888671875,872,AGGTGC,2.1875,872,AGGTGC,2.1875,2395,CTCTTN,0.02073201909661293,565,ACTACN,0.061236776411533356,565,ACTACN,0.061236776411533356,False,False,True,0.0027622580528259277,
2,11,67,head_3,recovery,0.033203125,-0.037014126777648926,4572,TGCAGC,1.8896484375,872,AGGTGC,2.19140625,872,AGGTGC,2.19140625,2395,CTCTTN,0.02091795764863491,565,ACTACN,0.061074547469615936,565,ACTACN,0.061074547469615936,False,False,True,0.003830552101135254,
2,12,67,head_3,recovery,0.03759765625,-0.02209317684173584,4572,TGCAGC,1.8955078125,872,AGGTGC,2.1953125,872,AGGTGC,2.1953125,2395,CTCTTN,0.0209403857588768,565,ACTACN,0.06006186828017235,565,ACTACN,0.06006186828017235,False,False,True,0.0028305649757385254,
2,13,67,head_3,recovery,0.0224609375,-0.015425324440002441,4572,TGCAGC,1.8984375,872,AGGTGC,2.205078125,872,AGGTGC,2.205078125,2395,CTCTTN,0.020736005157232285,565,ACTACN,0.05939493328332901,565,ACTACN,0.05939493328332901,False,False,True,0.0029082894325256348,
2,14,67,head_3,recovery,0.02880859375,0.009087443351745605,4572,TGCAGC,1.9033203125,872,AGGTGC,2.20703125,872,AGGTGC,2.20703125,2395,CTCTTN,0.021119752898812294,565,ACTACN,0.05807817354798317,565,ACTACN,0.05807817354798317,False,False,True,0.002113252878189087,
2,15,67,head_3,recovery,0.017578125,0.018208801746368408,4572,TGCAGC,1.892578125,872,AGGTGC,2.201171875,872,AGGTGC,2.201171875,2395,CTCTTN,0.0215083509683609,565,ACTACN,0.05783399939537048,565,ACTACN,0.05783399939537048,False,False,True,0.002257823944091797,
2,16,67,head_3,recovery,0.0087890625,0.019649147987365723,4572,TGCAGC,1.890625,872,AGGTGC,2.203125,872,AGGTGC,2.203125,2395,CTCTTN,0.021451273933053017,565,ACTACN,0.057677000761032104,565,ACTACN,0.057677000761032104,False,False,True,0.0022822320461273193,
2,17,67,head_3,recovery,0.0224609375,0.0026665329933166504,4572,TGCAGC,1.896484375,872,AGGTGC,2.203125,872,AGGTGC,2.203125,2395,CTCTTN,0.02130729705095291,565,ACTACN,0.05871114879846573,565,ACTACN,0.05871114879846573,False,False,True,0.0013887584209442139,
2,18,67,head_3,recovery,0.015625,0.012493312358856201,4572,TGCAGC,1.8994140625,872,AGGTGC,2.208984375,872,AGGTGC,2.208984375,2395,CTCTTN,0.021119166165590286,565,ACTACN,0.057841312140226364,565,ACTACN,0.057841312140226364,False,False,True,0.0015743076801300049,
2,19,67,head_3,recovery,0.03564453125,0.021978676319122314,4572,TGCAGC,1.912109375,872,AGGTGC,2.212890625,872,AGGTGC,2.212890625,2395,CTCTTN,0.020984947681427002,565,ACTACN,0.05704907700419426,565,ACTACN,0.05704907700419426,False,False,True,0.00400853157043457,
2,20,67,head_3,recovery,0.046875,0.008398473262786865,4572,TGCAGC,1.9091796875,872,AGGTGC,2.205078125,872,AGGTGC,2.205078125,2395,CTCTTN,0.021037422120571136,565,ACTACN,0.05804363638162613,565,ACTACN,0.05804363638162613,False,False,True,0.00770115852355957,
2,21,67,head_3,recovery,0.0419921875,5.2869319915771484e-05,4572,TGCAGC,1.9052734375,872,AGGTGC,2.203125,872,AGGTGC,2.203125,2395,CTCTTN,0.020839150995016098,565,ACTACN,0.058424320071935654,565,ACTACN,0.058424320071935654,False,False,True,0.005808979272842407,
2,22,67,head_3,recovery,0.0400390625,0.0015374422073364258,4572,TGCAGC,1.908203125,872,AGGTGC,2.20703125,872,AGGTGC,2.20703125,2395,CTCTTN,0.020982496440410614,565,ACTACN,0.05846467986702919,565,ACTACN,0.05846467986702919,False,False,True,0.005578070878982544,
2,23,67,head_3,recovery,0.033203125,-0.011082887649536133,4572,TGCAGC,1.9130859375,872,AGGTGC,2.21484375,872,AGGTGC,2.21484375,2395,CTCTTN,0.020949404686689377,565,ACTACN,0.05930709093809128,565,ACTACN,0.05930709093809128,False,False,True,0.003586888313293457,
2,24,67,head_3,recovery,0.03125,-0.019341707229614258,4572,TGCAGC,1.912109375,872,AGGTGC,2.21484375,872,AGGTGC,2.21484375,2395,CTCTTN,0.020854346454143524,565,ACTACN,0.059784967452287674,565,ACTACN,0.059784967452287674,False,False,True,0.004196256399154663,
2,25,67,head_3,recovery,0.01318359375,-0.028236031532287598,4572,TGCAGC,1.908203125,872,AGGTGC,2.21875,872,AGGTGC,2.21875,2395,CTCTTN,0.020921509712934494,565,ACTACN,0.0604691356420517,565,ACTACN,0.0604691356420517,False,False,True,0.0011851191520690918,
2,26,67,head_3,recovery,0.015625,-0.018719077110290527,4572,TGCAGC,1.8994140625,872,AGGTGC,2.208984375,872,AGGTGC,2.208984375,2395,CTCTTN,0.021039074286818504,565,ACTACN,0.05992649495601654,565,ACTACN,0.05992649495601654,False,False,True,0.0006553828716278076,
2,27,67,head_3,recovery,0.00244140625,-0.023131966590881348,4572,TGCAGC,1.8935546875,872,AGGTGC,2.208984375,872,AGGTGC,2.208984375,2395,CTCTTN,0.020884398370981216,565,ACTACN,0.06007794663310051,565,ACTACN,0.06007794663310051,False,False,True,-0.0021380484104156494,
2,28,67,head_3,recovery,0.0224609375,-0.0068863630294799805,4572,TGCAGC,1.90625,872,AGGTGC,2.212890625,872,AGGTGC,2.212890625,2395,CTCTTN,0.0210421085357666,565,ACTACN,0.059108663350343704,565,ACTACN,0.059108663350343704,False,False,True,-0.0014889240264892578,
2,29,67,head_3,recovery,0.0224609375,-0.02625906467437744,4572,TGCAGC,1.90625,872,AGGTGC,2.212890625,872,AGGTGC,2.212890625,2395,CTCTTN,0.0207684226334095,565,ACTACN,0.060178909450769424,565,ACTACN,0.060178909450769424,False,False,True,-0.0028842389583587646,
2,30,67,head_3,recovery,0.03125,-0.011773228645324707,4572,TGCAGC,1.912109375,872,AGGTGC,2.21484375,872,AGGTGC,2.21484375,2395,CTCTTN,0.02069651521742344,565,ACTACN,0.05910208448767662,565,ACTACN,0.05910208448767662,False,False,True,-0.0016049742698669434,
2,31,67,head_3,recovery,0.00244140625,0.015346050262451172,4572,TGCAGC,1.8994140625,872,AGGTGC,2.21484375,872,AGGTGC,2.21484375,2395,CTCTTN,0.021168773993849754,565,ACTACN,0.05769301578402519,565,ACTACN,0.05769301578402519,False,False,True,-0.003237426280975342,
2,32,67,head_3,recovery,-0.0048828125,0.01351851224899292,4572,TGCAGC,1.888671875,872,AGGTGC,2.20703125,872,AGGTGC,2.20703125,2395,CTCTTN,0.021272489801049232,565,ACTACN,0.057923514395952225,565,ACTACN,0.057923514395952225,False,False,True,-0.002107471227645874,
2,33,67,head_3,recovery,0.0,0.02551555633544922,4572,TGCAGC,1.89453125,872,AGGTGC,2.2109375,872,AGGTGC,2.2109375,2395,CTCTTN,0.021436071023344994,565,ACTACN,0.05725483223795891,565,ACTACN,0.05725483223795891,False,False,True,-0.002397865056991577,
2,34,67,head_3,recovery,0.0224609375,0.03363615274429321,4572,TGCAGC,1.8984375,872,AGGTGC,2.205078125,872,AGGTGC,2.205078125,2395,CTCTTN,0.021449221298098564,565,ACTACN,0.05670464038848877,565,ACTACN,0.05670464038848877,False,False,True,-0.001655876636505127,
3,0,67,head_3,recovery,0.02001953125,0.001849532127380371,4572,TGCAGC,1.9033203125,872,AGGTGC,2.2109375,872,AGGTGC,2.2109375,2395,CTCTTN,0.020946433767676353,565,ACTACN,0.05840696021914482,565,ACTACN,0.05840696021914482,False,False,True,0.0004406869411468506,
3,1,67,head_3,recovery,-0.0087890625,-0.0002887248992919922,4572,TGCAGC,1.90234375,872,AGGTGC,2.22265625,872,AGGTGC,2.22265625,2395,CTCTTN,0.020627420395612717,565,ACTACN,0.05823628231883049,565,ACTACN,0.05823628231883049,False,False,True,0.0008173286914825439,
3,2,67,head_3,recovery,-0.017578125,0.01123952865600586,4572,TGCAGC,1.900390625,872,AGGTGC,2.224609375,872,AGGTGC,2.224609375,2395,CTCTTN,0.0204806849360466,565,ACTACN,0.05728980526328087,565,ACTACN,0.05728980526328087,False,False,True,0.0017840564250946045,
3,3,67,head_3,recovery,-0.01953125,0.00863659381866455,4572,TGCAGC,1.9033203125,872,AGGTGC,2.228515625,872,AGGTGC,2.228515625,2395,CTCTTN,0.020559178665280342,565,ACTACN,0.057548876851797104,565,ACTACN,0.057548876851797104,False,False,True,0.0019005835056304932,
3,4,67,head_3,recovery,-0.0244140625,0.0012090802192687988,4572,TGCAGC,1.9033203125,872,AGGTGC,2.23046875,872,AGGTGC,2.23046875,2395,CTCTTN,0.02067333273589611,565,ACTACN,0.058178290724754333,565,ACTACN,0.058178290724754333,False,False,True,-0.00023922324180603027,
3,5,67,head_3,recovery,-0.0087890625,-0.008283734321594238,4572,TGCAGC,1.904296875,872,AGGTGC,2.224609375,872,AGGTGC,2.224609375,2395,CTCTTN,0.0207810215651989,565,ACTACN,0.058944519609212875,565,ACTACN,0.058944519609212875,False,False,True,-0.001440584659576416,
3,6,67,head_3,recovery,0.015625,-0.030890226364135742,4572,TGCAGC,1.9033203125,872,AGGTGC,2.212890625,872,AGGTGC,2.212890625,2395,CTCTTN,0.020787708461284637,565,ACTACN,0.060519471764564514,565,ACTACN,0.060519471764564514,False,False,True,-0.0019032657146453857,
3,7,67,head_3,recovery,0.017578125,-0.05033862590789795,4572,TGCAGC,1.892578125,872,AGGTGC,2.201171875,872,AGGTGC,2.201171875,2395,CTCTTN,0.02053232491016388,565,ACTACN,0.06161326542496681,565,ACTACN,0.06161326542496681,False,False,True,-0.000311434268951416,
3,8,67,head_3,recovery,0.04443359375,-0.06077897548675537,4572,TGCAGC,1.888671875,872,AGGTGC,2.185546875,872,AGGTGC,2.185546875,2395,CTCTTN,0.020925432443618774,565,ACTACN,0.06273064017295837,565,ACTACN,0.06273064017295837,False,False,True,0.001891016960144043,
3,9,67,head_3,recovery,0.04443359375,-0.04019975662231445,4572,TGCAGC,1.88671875,872,AGGTGC,2.18359375,872,AGGTGC,2.18359375,2395,CTCTTN,0.020929938182234764,565,ACTACN,0.061307523399591446,565,ACTACN,0.061307523399591446,False,False,True,0.0038773715496063232,
3,10,67,head_3,recovery,0.064453125,-0.03669452667236328,4572,TGCAGC,1.8896484375,872,AGGTGC,2.177734375,872,AGGTGC,2.177734375,2395,CTCTTN,0.0211622416973114,565,ACTACN,0.06129665672779083,565,ACTACN,0.06129665672779083,False,False,True,0.002455681562423706,
3,11,67,head_3,recovery,0.03125,-0.03450942039489746,4572,TGCAGC,1.88671875,872,AGGTGC,2.189453125,872,AGGTGC,2.189453125,2395,CTCTTN,0.020916633307933807,565,ACTACN,0.060899462550878525,565,ACTACN,0.060899462550878525,False,False,True,0.0018959641456604004,
3,12,67,head_3,recovery,0.02685546875,-0.041399598121643066,4572,TGCAGC,1.87890625,872,AGGTGC,2.18359375,872,AGGTGC,2.18359375,2395,CTCTTN,0.020946377888321877,565,ACTACN,0.06140719726681709,565,ACTACN,0.06140719726681709,False,False,True,0.003160715103149414,
3,13,67,head_3,recovery,0.0087890625,-0.03594815731048584,4572,TGCAGC,1.876953125,872,AGGTGC,2.189453125,872,AGGTGC,2.189453125,2395,CTCTTN,0.0208431389182806,565,ACTACN,0.06092578172683716,565,ACTACN,0.06092578172683716,False,False,True,0.0020269453525543213,
3,14,67,head_3,recovery,-0.0048828125,-0.06566548347473145,4572,TGCAGC,1.880859375,872,AGGTGC,2.19921875,872,AGGTGC,2.19921875,2395,CTCTTN,0.02074640803039074,565,ACTACN,0.06289061158895493,565,ACTACN,0.06289061158895493,False,False,True,-0.0023086071014404297,
3,15,67,head_3,recovery,-0.0263671875,-0.05426132678985596,4572,TGCAGC,1.884765625,872,AGGTGC,2.212890625,872,AGGTGC,2.212890625,2395,CTCTTN,0.02092587575316429,565,ACTACN,0.06227894872426987,565,ACTACN,0.06227894872426987,False,False,True,-0.009795725345611572,
3,16,67,head_3,recovery,-0.0263671875,-0.027632474899291992,4572,TGCAGC,1.88671875,872,AGGTGC,2.21484375,872,AGGTGC,2.21484375,2395,CTCTTN,0.021157972514629364,565,ACTACN,0.06066373735666275,565,ACTACN,0.06066373735666275,False,False,True,-0.009592413902282715,
3,17,67,head_3,recovery,-0.0380859375,0.008623898029327393,4572,TGCAGC,1.8896484375,872,AGGTGC,2.22265625,872,AGGTGC,2.22265625,2395,CTCTTN,0.02083100564777851,565,ACTACN,0.05782157927751541,565,ACTACN,0.05782157927751541,False,False,True,-0.004814565181732178,
3,18,67,head_3,recovery,-0.0087890625,0.0010021328926086426,4572,TGCAGC,1.89453125,872,AGGTGC,2.21484375,872,AGGTGC,2.21484375,2395,CTCTTN,0.02077946439385414,565,ACTACN,0.058298781514167786,565,ACTACN,0.058298781514167786,False,False,True,0.0009431242942810059,
3,19,67,head_3,recovery,0.0224609375,-0.006086587905883789,4572,TGCAGC,1.888671875,872,AGGTGC,2.1953125,872,AGGTGC,2.1953125,2395,CTCTTN,0.020771367475390434,565,ACTACN,0.058782439678907394,565,ACTACN,0.058782439678907394,False,False,True,0.0006238818168640137,
3,20,67,head_3,recovery,0.01318359375,-0.01318979263305664,4572,TGCAGC,1.892578125,872,AGGTGC,2.203125,872,AGGTGC,2.203125,2395,CTCTTN,0.020731939002871513,565,ACTACN,0.05923577770590782,565,ACTACN,0.05923577770590782,False,False,True,-0.0016593337059020996,
3,21,67,head_3,recovery,-0.0068359375,-0.0074100494384765625,4572,TGCAGC,1.8896484375,872,AGGTGC,2.208984375,872,AGGTGC,2.208984375,2395,CTCTTN,0.020760739222168922,565,ACTACN,0.05886362865567207,565,ACTACN,0.05886362865567207,False,False,True,-0.00427401065826416,
3,22,67,head_3,recovery,-0.0224609375,-0.002581477165222168,4572,TGCAGC,1.90234375,872,AGGTGC,2.228515625,872,AGGTGC,2.228515625,2395,CTCTTN,0.020825674757361412,565,ACTACN,0.058593593537807465,565,ACTACN,0.058593593537807465,False,False,True,-0.005906969308853149,
3,23,67,head_3,recovery,-0.0244140625,-0.01402425765991211,4572,TGCAGC,1.8994140625,872,AGGTGC,2.2265625,872,AGGTGC,2.2265625,2395,CTCTTN,0.02078603394329548,565,ACTACN,0.059347763657569885,565,ACTACN,0.059347763657569885,False,False,True,-0.00469854474067688,
3,24,67,head_3,recovery,-0.013671875,0.0007860660552978516,4572,TGCAGC,1.89453125,872,AGGTGC,2.216796875,872,AGGTGC,2.216796875,2395,CTCTTN,0.020957259461283684,565,ACTACN,0.05849156528711319,565,ACTACN,0.05849156528711319,False,False,True,-0.00411561131477356,
3,25,67,head_3,recovery,0.00439453125,-0.0028940439224243164,4572,TGCAGC,1.904296875,872,AGGTGC,2.21875,872,AGGTGC,2.21875,2395,CTCTTN,0.021197443827986717,565,ACTACN,0.05898704379796982,565,ACTACN,0.05898704379796982,False,False,True,-0.001435399055480957,
3,26,67,head_3,recovery,0.0,0.0010787248611450195,4572,TGCAGC,1.90234375,872,AGGTGC,2.21875,872,AGGTGC,2.21875,2395,CTCTTN,0.021121742203831673,565,ACTACN,0.05863574519753456,565,ACTACN,0.05863574519753456,False,False,True,-0.0020166337490081787,
3,27,67,head_3,recovery,-0.0048828125,-0.01864147186279297,4572,TGCAGC,1.90625,872,AGGTGC,2.224609375,872,AGGTGC,2.224609375,2395,CTCTTN,0.020892878994345665,565,ACTACN,0.05977492034435272,565,ACTACN,0.05977492034435272,False,False,True,-0.003309965133666992,
3,28,67,head_3,recovery,0.0224609375,-0.04715681076049805,4572,TGCAGC,1.91015625,872,AGGTGC,2.216796875,872,AGGTGC,2.216796875,2395,CTCTTN,0.02088841050863266,565,ACTACN,0.061748627573251724,565,ACTACN,0.061748627573251724,False,False,True,-0.005744963884353638,
3,29,67,head_3,recovery,0.05322265625,-0.00555419921875,4572,TGCAGC,1.921875,872,AGGTGC,2.21484375,872,AGGTGC,2.21484375,2395,CTCTTN,0.021197300404310226,565,ACTACN,0.059171441942453384,565,ACTACN,0.059171441942453384,False,False,True,-0.0028804540634155273,
3,30,67,head_3,recovery,0.05322265625,0.025039196014404297,4572,TGCAGC,1.916015625,872,AGGTGC,2.208984375,872,AGGTGC,2.208984375,2395,CTCTTN,0.021319860592484474,565,ACTACN,0.057171668857336044,565,ACTACN,0.057171668857336044,False,False,True,-0.0007017850875854492,
3,31,67,head_3,recovery,0.09326171875,0.076515793800354,4572,TGCAGC,1.931640625,872,AGGTGC,2.20703125,872,AGGTGC,2.20703125,2395,CTCTTN,0.0214762631803751,565,ACTACN,0.053757019340991974,565,ACTACN,0.053757019340991974,False,False,True,-0.0003013908863067627,
3,32,67,head_3,recovery,0.095703125,0.06449460983276367,4572,TGCAGC,1.9384765625,872,AGGTGC,2.212890625,872,AGGTGC,2.212890625,2395,CTCTTN,0.021703669801354408,565,ACTACN,0.05481836572289467,565,ACTACN,0.05481836572289467,False,False,True,-0.0004483461380004883,
3,33,67,head_3,recovery,0.11572265625,0.04797923564910889,4572,TGCAGC,1.943359375,872,AGGTGC,2.208984375,872,AGGTGC,2.208984375,2395,CTCTTN,0.02190379425883293,565,ACTACN,0.056164201349020004,565,ACTACN,0.056164201349020004,False,False,True,-0.0013057291507720947,
3,34,67,head_3,recovery,0.06689453125,-0.008711814880371094,4572,TGCAGC,1.912109375,872,AGGTGC,2.19921875,872,AGGTGC,2.19921875,2395,CTCTTN,0.021695056930184364,565,ACTACN,0.05988825112581253,565,ACTACN,0.05988825112581253,False,False,True,-0.0016672015190124512,
4,0,67,head_3,recovery,0.00439453125,0.0004418492317199707,4572,TGCAGC,1.900390625,872,AGGTGC,2.21484375,872,AGGTGC,2.21484375,2395,CTCTTN,0.020878123119473457,565,ACTACN,0.058436308056116104,565,ACTACN,0.058436308056116104,False,False,True,0.00045356154441833496,
4,1,67,head_3,recovery,0.0,0.004651904106140137,4572,TGCAGC,1.900390625,872,AGGTGC,2.216796875,872,AGGTGC,2.216796875,2395,CTCTTN,0.02081742323935032,565,ACTACN,0.05808354541659355,565,ACTACN,0.05808354541659355,False,False,True,0.0012231767177581787,
4,2,67,head_3,recovery,-0.013671875,-0.0008683204650878906,4572,TGCAGC,1.896484375,872,AGGTGC,2.21875,872,AGGTGC,2.21875,2395,CTCTTN,0.020786702632904053,565,ACTACN,0.058435775339603424,565,ACTACN,0.058435775339603424,False,False,True,0.0010357797145843506,
4,3,67,head_3,recovery,-0.0048828125,-0.005009174346923828,4572,TGCAGC,1.896484375,872,AGGTGC,2.21484375,872,AGGTGC,2.21484375,2395,CTCTTN,0.020792286843061447,565,ACTACN,0.05872861668467522,565,ACTACN,0.05872861668467522,False,False,True,0.0011277198791503906,
4,4,67,head_3,recovery,-0.0048828125,0.0011592507362365723,4572,TGCAGC,1.8984375,872,AGGTGC,2.216796875,872,AGGTGC,2.216796875,2395,CTCTTN,0.020812878385186195,565,ACTACN,0.05832128971815109,565,ACTACN,0.05832128971815109,False,False,True,-0.00025963783264160156,
4,5,67,head_3,recovery,-0.0087890625,-0.003165602684020996,4572,TGCAGC,1.900390625,872,AGGTGC,2.220703125,872,AGGTGC,2.220703125,2395,CTCTTN,0.020826321095228195,565,ACTACN,0.058634765446186066,565,ACTACN,0.058634765446186066,False,False,True,-0.000694572925567627,
4,6,67,head_3,recovery,-0.015625,-0.007835626602172852,4572,TGCAGC,1.8994140625,872,AGGTGC,2.22265625,872,AGGTGC,2.22265625,2395,CTCTTN,0.020724989473819733,565,ACTACN,0.05885739251971245,565,ACTACN,0.05885739251971245,False,False,True,-0.000399857759475708,
4,7,67,head_3,recovery,0.00244140625,-0.004747867584228516,4572,TGCAGC,1.8994140625,872,AGGTGC,2.21484375,872,AGGTGC,2.21484375,2395,CTCTTN,0.020802492275834084,565,ACTACN,0.05872069671750069,565,ACTACN,0.05872069671750069,False,False,True,-0.0004170835018157959,
4,8,67,head_3,recovery,-0.0048828125,-0.005617737770080566,4572,TGCAGC,1.90234375,872,AGGTGC,2.220703125,872,AGGTGC,2.220703125,2395,CTCTTN,0.020702751353383064,565,ACTACN,0.05868130177259445,565,ACTACN,0.05868130177259445,False,False,True,-0.00044205784797668457,
4,9,67,head_3,recovery,0.02001953125,-0.006797075271606445,4572,TGCAGC,1.9033203125,872,AGGTGC,2.2109375,872,AGGTGC,2.2109375,2395,CTCTTN,0.020709235221147537,565,ACTACN,0.058769591152668,565,ACTACN,0.058769591152668,False,False,True,5.030632019042969e-05,
4,10,67,head_3,recovery,0.00244140625,-0.01917266845703125,4572,TGCAGC,1.8955078125,872,AGGTGC,2.2109375,872,AGGTGC,2.2109375,2395,CTCTTN,0.02069445140659809,565,ACTACN,0.059613339602947235,565,ACTACN,0.059613339602947235,False,False,True,-0.00028830766677856445,
4,11,67,head_3,recovery,0.0087890625,-0.014795899391174316,4572,TGCAGC,1.892578125,872,AGGTGC,2.205078125,872,AGGTGC,2.205078125,2395,CTCTTN,0.020801696926355362,565,ACTACN,0.05941695719957352,565,ACTACN,0.05941695719957352,False,False,True,0.0004420280456542969,
4,12,67,head_3,recovery,0.017578125,-0.004478335380554199,4572,TGCAGC,1.90625,872,AGGTGC,2.21484375,872,AGGTGC,2.21484375,2395,CTCTTN,0.021001478657126427,565,ACTACN,0.05890098586678505,565,ACTACN,0.05890098586678505,False,False,True,0.0006351768970489502,
4,13,67,head_3,recovery,0.02880859375,-0.0059583187103271484,4572,TGCAGC,1.8955078125,872,AGGTGC,2.19921875,872,AGGTGC,2.19921875,2395,CTCTTN,0.021000053733587265,565,ACTACN,0.05900223180651665,565,ACTACN,0.05900223180651665,False,False,True,0.0037845969200134277,
4,14,67,head_3,recovery,-0.0107421875,0.10896456241607666,4572,TGCAGC,1.9384765625,872,AGGTGC,2.259765625,872,AGGTGC,2.259765625,2395,CTCTTN,0.022558731958270073,565,ACTACN,0.05258844792842865,565,ACTACN,0.05258844792842865,False,False,True,-0.02033334970474243,
4,15,67,head_3,recovery,-0.013671875,0.09907126426696777,4572,TGCAGC,1.9296875,872,AGGTGC,2.251953125,872,AGGTGC,2.251953125,2395,CTCTTN,0.022682655602693558,565,ACTACN,0.05339869111776352,565,ACTACN,0.05339869111776352,False,False,True,-0.01964053511619568,
4,16,67,head_3,recovery,-0.0263671875,0.08936244249343872,4572,TGCAGC,1.93359375,872,AGGTGC,2.26171875,872,AGGTGC,2.26171875,2395,CTCTTN,0.022574175149202347,565,ACTACN,0.05396372824907303,565,ACTACN,0.05396372824907303,False,False,True,-0.020704060792922974,
4,17,67,head_3,recovery,0.01123046875,-0.027869343757629395,4572,TGCAGC,1.8857421875,872,AGGTGC,2.197265625,872,AGGTGC,2.197265625,2395,CTCTTN,0.021192586049437523,565,ACTACN,0.060714781284332275,565,ACTACN,0.060714781284332275,False,False,True,0.002057701349258423,
4,18,67,head_3,recovery,0.017578125,-0.0033608675003051758,4572,TGCAGC,1.900390625,872,AGGTGC,2.208984375,872,AGGTGC,2.208984375,2395,CTCTTN,0.021201469004154205,565,ACTACN,0.059023454785346985,565,ACTACN,0.059023454785346985,False,False,True,0.003484785556793213,
4,19,67,head_3,recovery,0.02685546875,0.005635082721710205,4572,TGCAGC,1.90234375,872,AGGTGC,2.20703125,872,AGGTGC,2.20703125,2395,CTCTTN,0.021249987185001373,565,ACTACN,0.058447904884815216,565,ACTACN,0.058447904884815216,False,False,True,0.0015483200550079346,
4,20,67,head_3,recovery,0.01318359375,0.0024723410606384277,4572,TGCAGC,1.8984375,872,AGGTGC,2.208984375,872,AGGTGC,2.208984375,2395,CTCTTN,0.021110577508807182,565,ACTACN,0.05852789804339409,565,ACTACN,0.05852789804339409,False,False,True,0.0001259446144104004,
4,21,67,head_3,recovery,0.0,0.014823853969573975,4572,TGCAGC,1.8984375,872,AGGTGC,2.21484375,872,AGGTGC,2.21484375,2395,CTCTTN,0.02098681591451168,565,ACTACN,0.05754728615283966,565,ACTACN,0.05754728615283966,False,False,True,-0.0028666257858276367,
4,22,67,head_3,recovery,0.0,0.008825182914733887,4572,TGCAGC,1.89453125,872,AGGTGC,2.2109375,872,AGGTGC,2.2109375,2395,CTCTTN,0.020890839397907257,565,ACTACN,0.05786744877696037,565,ACTACN,0.05786744877696037,False,False,True,-0.0011329948902130127,
4,23,67,head_3,recovery,-0.001953125,0.004197418689727783,4572,TGCAGC,1.8955078125,872,AGGTGC,2.212890625,872,AGGTGC,2.212890625,2395,CTCTTN,0.020738711580634117,565,ACTACN,0.05803636461496353,565,ACTACN,0.05803636461496353,False,False,True,-0.0009080171585083008,
4,24,67,head_3,recovery,0.00439453125,0.002851128578186035,4572,TGCAGC,1.90234375,872,AGGTGC,2.216796875,872,AGGTGC,2.216796875,2395,CTCTTN,0.02071284130215645,565,ACTACN,0.058103881776332855,565,ACTACN,0.058103881776332855,False,False,True,-6.67273998260498e-05,
4,25,67,head_3,recovery,0.0,-0.004040241241455078,4572,TGCAGC,1.90234375,872,AGGTGC,2.21875,872,AGGTGC,2.21875,2395,CTCTTN,0.02071138471364975,565,ACTACN,0.05858049914240837,565,ACTACN,0.05858049914240837,False,False,True,-0.0002948939800262451,
4,26,67,head_3,recovery,0.0087890625,-0.00846099853515625,4572,TGCAGC,1.8984375,872,AGGTGC,2.2109375,872,AGGTGC,2.2109375,2395,CTCTTN,0.020789189264178276,565,ACTACN,0.05896498262882233,565,ACTACN,0.05896498262882233,False,False,True,0.0002722740173339844,
4,27,67,head_3,recovery,0.015625,0.011828303337097168,4572,TGCAGC,1.9052734375,872,AGGTGC,2.21484375,872,AGGTGC,2.21484375,2395,CTCTTN,0.02092719078063965,565,ACTACN,0.05769547075033188,565,ACTACN,0.05769547075033188,False,False,True,0.0018834471702575684,
4,28,67,head_3,recovery,0.00244140625,0.011963903903961182,4572,TGCAGC,1.8994140625,872,AGGTGC,2.21484375,872,AGGTGC,2.21484375,2395,CTCTTN,0.020940881222486496,565,ACTACN,0.05769975110888481,565,ACTACN,0.05769975110888481,False,False,True,0.0029837489128112793,
4,29,67,head_3,recovery,0.00439453125,0.00042259693145751953,4572,TGCAGC,1.896484375,872,AGGTGC,2.2109375,872,AGGTGC,2.2109375,2395,CTCTTN,0.021064871922135353,565,ACTACN,0.05862438678741455,565,ACTACN,0.05862438678741455,False,False,True,0.003183811902999878,
4,30,67,head_3,recovery,0.0087890625,-0.005300283432006836,4572,TGCAGC,1.8984375,872,AGGTGC,2.2109375,872,AGGTGC,2.2109375,2395,CTCTTN,0.02087181620299816,565,ACTACN,0.05882834643125534,565,ACTACN,0.05882834643125534,False,False,True,0.0014789998531341553,
4,31,67,head_3,recovery,0.02001953125,-0.0013746023178100586,4572,TGCAGC,1.9033203125,872,AGGTGC,2.2109375,872,AGGTGC,2.2109375,2395,CTCTTN,0.020872265100479126,565,ACTACN,0.0585564561188221,565,ACTACN,0.0585564561188221,False,False,True,-0.0006875097751617432,
4,32,67,head_3,recovery,0.03125,0.011248230934143066,4572,TGCAGC,1.908203125,872,AGGTGC,2.2109375,872,AGGTGC,2.2109375,2395,CTCTTN,0.021002350375056267,565,ACTACN,0.05781086906790733,565,ACTACN,0.05781086906790733,False,False,True,-0.0004494190216064453,
4,33,67,head_3,recovery,0.0400390625,0.02437150478363037,4572,TGCAGC,1.912109375,872,AGGTGC,2.2109375,872,AGGTGC,2.2109375,2395,CTCTTN,0.02145478129386902,565,ACTACN,0.05735291168093681,565,ACTACN,0.05735291168093681,False,False,True,-0.0004734992980957031,
4,34,67,head_3,recovery,0.0556640625,0.041905879974365234,4572,TGCAGC,1.9189453125,872,AGGTGC,2.2109375,872,AGGTGC,2.2109375,2395,CTCTTN,0.02165106311440468,565,ACTACN,0.0563327893614769,565,ACTACN,0.0563327893614769,False,False,True,0.0007345676422119141,
5,0,67,head_3,recovery,-0.0068359375,-0.0002944469451904297,4572,TGCAGC,1.8994140625,872,AGGTGC,2.21875,872,AGGTGC,2.21875,2395,CTCTTN,0.02091396227478981,565,ACTACN,0.05852322652935982,565,ACTACN,0.05852322652935982,False,False,True,-0.00018399953842163086,
5,1,67,head_3,recovery,0.00439453125,0.007918834686279297,4572,TGCAGC,1.908203125,872,AGGTGC,2.22265625,872,AGGTGC,2.22265625,2395,CTCTTN,0.02105935849249363,565,ACTACN,0.058098845183849335,565,ACTACN,0.058098845183849335,False,False,True,-0.0009903013706207275,
5,2,67,head_3,recovery,0.00244140625,0.008674800395965576,4572,TGCAGC,1.9052734375,872,AGGTGC,2.220703125,872,AGGTGC,2.220703125,2395,CTCTTN,0.021004896610975266,565,ACTACN,0.05799194052815437,565,ACTACN,0.05799194052815437,False,False,True,-0.0008071959018707275,
5,3,67,head_3,recovery,-0.0087890625,-0.0007958412170410156,4572,TGCAGC,1.90234375,872,AGGTGC,2.22265625,872,AGGTGC,2.22265625,2395,CTCTTN,0.020861400291323662,565,ACTACN,0.05850544199347496,565,ACTACN,0.05850544199347496,False,False,True,-0.0013826489448547363,
5,4,67,head_3,recovery,-0.01953125,-0.012221693992614746,4572,TGCAGC,1.8955078125,872,AGGTGC,2.220703125,872,AGGTGC,2.220703125,2395,CTCTTN,0.02065841667354107,565,ACTACN,0.059095095843076706,565,ACTACN,0.059095095843076706,False,False,True,-0.0003482401371002197,
5,5,67,head_3,recovery,-0.017578125,0.0045021772384643555,4572,TGCAGC,1.8984375,872,AGGTGC,2.22265625,872,AGGTGC,2.22265625,2395,CTCTTN,0.020612718537449837,565,ACTACN,0.05788922309875488,565,ACTACN,0.05788922309875488,False,False,True,0.0007795989513397217,
5,6,67,head_3,recovery,-0.01953125,0.017472147941589355,4572,TGCAGC,1.8994140625,872,AGGTGC,2.224609375,872,AGGTGC,2.224609375,2395,CTCTTN,0.02070682868361473,565,ACTACN,0.05708358436822891,565,ACTACN,0.05708358436822891,False,False,True,0.00244140625,
5,7,67,head_3,recovery,-0.0087890625,0.01020824909210205,4572,TGCAGC,1.896484375,872,AGGTGC,2.216796875,872,AGGTGC,2.216796875,2395,CTCTTN,0.020890461280941963,565,ACTACN,0.05777112394571304,565,ACTACN,0.05777112394571304,False,False,True,0.001939326524734497,
5,8,67,head_3,recovery,0.00439453125,-0.0003165006637573242,4572,TGCAGC,1.890625,872,AGGTGC,2.205078125,872,AGGTGC,2.205078125,2395,CTCTTN,0.021050987765192986,565,ACTACN,0.05866178125143051,565,ACTACN,0.05866178125143051,False,False,True,0.002042442560195923,
5,9,67,head_3,recovery,0.0068359375,-0.008211493492126465,4572,TGCAGC,1.8994140625,872,AGGTGC,2.212890625,872,AGGTGC,2.212890625,2395,CTCTTN,0.020963028073310852,565,ACTACN,0.0591215081512928,565,ACTACN,0.0591215081512928,False,False,True,-0.00010067224502563477,
5,10,67,head_3,recovery,0.015625,-0.010883212089538574,4572,TGCAGC,1.8994140625,872,AGGTGC,2.208984375,872,AGGTGC,2.208984375,2395,CTCTTN,0.020905805751681328,565,ACTACN,0.0592496283352375,565,ACTACN,0.0592496283352375,False,False,True,-0.0006475448608398438,
5,11,67,head_3,recovery,0.00439453125,-0.01841914653778076,4572,TGCAGC,1.900390625,872,AGGTGC,2.21484375,872,AGGTGC,2.21484375,2395,CTCTTN,0.020803475752472878,565,ACTACN,0.05967008322477341,565,ACTACN,0.05967008322477341,False,False,True,-0.001041710376739502,
5,12,67,head_3,recovery,0.017578125,-0.008077621459960938,4572,TGCAGC,1.896484375,872,AGGTGC,2.205078125,872,AGGTGC,2.205078125,2395,CTCTTN,0.02098371833562851,565,ACTACN,0.05913292244076729,565,ACTACN,0.05913292244076729,False,False,True,-0.0022491514682769775,
5,13,67,head_3,recovery,0.01318359375,0.01401364803314209,4572,TGCAGC,1.90625,872,AGGTGC,2.216796875,872,AGGTGC,2.216796875,2395,CTCTTN,0.021032212302088737,565,ACTACN,0.05764888972043991,565,ACTACN,0.05764888972043991,False,False,True,-0.002254784107208252,
5,14,67,head_3,recovery,-0.013671875,0.0034444332122802734,4572,TGCAGC,1.888671875,872,AGGTGC,2.2109375,872,AGGTGC,2.2109375,2395,CTCTTN,0.02104790508747101,565,ACTACN,0.05839778855443001,565,ACTACN,0.05839778855443001,False,False,True,-0.00012189149856567383,
5,15,67,head_3,recovery,0.00244140625,-0.04246485233306885,4572,TGCAGC,1.8701171875,872,AGGTGC,2.185546875,872,AGGTGC,2.185546875,2395,CTCTTN,0.02002835087478161,565,ACTACN,0.06056307256221771,565,ACTACN,0.06056307256221771,False,False,True,-0.0026105642318725586,
5,16,67,head_3,recovery,-0.015625,-0.07665514945983887,4572,TGCAGC,1.8642578125,872,AGGTGC,2.1875,872,AGGTGC,2.1875,2395,CTCTTN,0.019490990787744522,565,ACTACN,0.06239756941795349,565,ACTACN,0.06239756941795349,False,False,True,-0.0012570619583129883,
5,17,67,head_3,recovery,-0.064453125,-0.08010351657867432,4572,TGCAGC,1.8505859375,872,AGGTGC,2.1953125,872,AGGTGC,2.1953125,2395,CTCTTN,0.018834365531802177,565,ACTACN,0.06198016181588173,565,ACTACN,0.06198016181588173,False,False,True,0.005870610475540161,
5,18,67,head_3,recovery,-0.1044921875,-0.056136369705200195,4572,TGCAGC,1.8857421875,872,AGGTGC,2.248046875,872,AGGTGC,2.248046875,2395,CTCTTN,0.020280735567212105,565,ACTACN,0.06176387518644333,565,ACTACN,0.06176387518644333,False,False,True,0.001958996057510376,
5,19,67,head_3,recovery,-0.033203125,-0.05892229080200195,4572,TGCAGC,1.8837890625,872,AGGTGC,2.21484375,872,AGGTGC,2.21484375,2395,CTCTTN,0.02170964702963829,565,ACTACN,0.06338605284690857,565,ACTACN,0.06338605284690857,False,False,True,-0.011733680963516235,
5,20,67,head_3,recovery,0.00439453125,-0.04517805576324463,4572,TGCAGC,1.89453125,872,AGGTGC,2.208984375,872,AGGTGC,2.208984375,2395,CTCTTN,0.022171050310134888,565,ACTACN,0.06289399415254593,565,ACTACN,0.06289399415254593,False,False,True,-0.01908758282661438,
5,21,67,head_3,recovery,0.0244140625,-0.03790891170501709,4572,TGCAGC,1.8935546875,872,AGGTGC,2.19921875,872,AGGTGC,2.19921875,2395,CTCTTN,0.021741405129432678,565,ACTACN,0.06196006387472153,565,ACTACN,0.06196006387472153,False,False,True,-0.01105615496635437,
5,22,67,head_3,recovery,-0.015625,-0.008840203285217285,4572,TGCAGC,1.8896484375,872,AGGTGC,2.212890625,872,AGGTGC,2.212890625,2395,CTCTTN,0.021006355062127113,565,ACTACN,0.0592084564268589,565,ACTACN,0.0592084564268589,False,False,True,-0.003600895404815674,
5,23,67,head_3,recovery,0.015625,0.0019280314445495605,4572,TGCAGC,1.8955078125,872,AGGTGC,2.205078125,872,AGGTGC,2.205078125,2395,CTCTTN,0.021067457273602486,565,ACTACN,0.0585225410759449,565,ACTACN,0.0585225410759449,False,False,True,-0.007001221179962158,
5,24,67,head_3,recovery,0.0068359375,-0.0036526918411254883,4572,TGCAGC,1.8955078125,872,AGGTGC,2.208984375,872,AGGTGC,2.208984375,2395,CTCTTN,0.021010570228099823,565,ACTACN,0.058852799236774445,565,ACTACN,0.058852799236774445,False,False,True,-0.0058022141456604,
5,25,67,head_3,recovery,0.0,-0.0026415586471557617,4572,TGCAGC,1.904296875,872,AGGTGC,2.220703125,872,AGGTGC,2.220703125,2395,CTCTTN,0.02095819264650345,565,ACTACN,0.05873027443885803,565,ACTACN,0.05873027443885803,False,False,True,-0.0018756687641143799,
5,26,67,head_3,recovery,-0.001953125,-0.004961848258972168,4572,TGCAGC,1.9033203125,872,AGGTGC,2.220703125,872,AGGTGC,2.220703125,2395,CTCTTN,0.020813586190342903,565,ACTACN,0.05874663591384888,565,ACTACN,0.05874663591384888,False,False,True,9.909272193908691e-05,
5,27,67,head_3,recovery,-0.0048828125,-0.0036505460739135742,4572,TGCAGC,1.896484375,872,AGGTGC,2.21484375,872,AGGTGC,2.21484375,2395,CTCTTN,0.02087743952870369,565,ACTACN,0.05871951952576637,565,ACTACN,0.05871951952576637,False,False,True,-0.00102195143699646,
5,28,67,head_3,recovery,-0.0068359375,-0.0048226118087768555,4572,TGCAGC,1.8955078125,872,AGGTGC,2.21484375,872,AGGTGC,2.21484375,2395,CTCTTN,0.021134277805685997,565,ACTACN,0.05905766785144806,565,ACTACN,0.05905766785144806,False,False,True,0.00012734532356262207,
5,29,67,head_3,recovery,0.06689453125,-0.015286087989807129,4572,TGCAGC,1.921875,872,AGGTGC,2.208984375,872,AGGTGC,2.208984375,2395,CTCTTN,0.021358145400881767,565,ACTACN,0.06000741571187973,565,ACTACN,0.06000741571187973,False,False,True,5.066394805908203e-07,
5,30,67,head_3,recovery,0.10205078125,-0.0021905899047851562,4572,TGCAGC,1.9375,872,AGGTGC,2.208984375,872,AGGTGC,2.208984375,2395,CTCTTN,0.021555982530117035,565,ACTACN,0.059296783059835434,565,ACTACN,0.059296783059835434,False,False,True,0.0007617175579071045,
5,31,67,head_3,recovery,0.14208984375,-0.009781360626220703,4572,TGCAGC,1.955078125,872,AGGTGC,2.208984375,872,AGGTGC,2.208984375,2395,CTCTTN,0.02152230404317379,565,ACTACN,0.059789691120386124,565,ACTACN,0.059789691120386124,False,False,True,-0.004373043775558472,
5,32,67,head_3,recovery,0.06884765625,-0.0145111083984375,4572,TGCAGC,1.9150390625,872,AGGTGC,2.201171875,872,AGGTGC,2.201171875,2395,CTCTTN,0.021051965653896332,565,ACTACN,0.05964747071266174,565,ACTACN,0.05964747071266174,False,False,True,-0.0028700530529022217,
5,33,67,head_3,recovery,0.07568359375,-0.0022143125534057617,4572,TGCAGC,1.931640625,872,AGGTGC,2.21484375,872,AGGTGC,2.21484375,2395,CTCTTN,0.02064795419573784,565,ACTACN,0.05839040130376816,565,ACTACN,0.05839040130376816,False,False,True,-0.003149092197418213,
5,34,67,head_3,recovery,0.0556640625,0.01660090684890747,4572,TGCAGC,1.9189453125,872,AGGTGC,2.2109375,872,AGGTGC,2.2109375,2395,CTCTTN,0.020740734413266182,565,ACTACN,0.05717792361974716,565,ACTACN,0.05717792361974716,False,False,True,-0.0004936456680297852,
6,0,67,head_3,recovery,0.0,-0.002557039260864258,4572,TGCAGC,1.8984375,872,AGGTGC,2.21484375,872,AGGTGC,2.21484375,2395,CTCTTN,0.02076667919754982,565,ACTACN,0.05853290855884552,565,ACTACN,0.05853290855884552,False,False,True,0.001454383134841919,
6,1,67,head_3,recovery,0.00439453125,0.002070784568786621,4572,TGCAGC,1.904296875,872,AGGTGC,2.21875,872,AGGTGC,2.21875,2395,CTCTTN,0.020960785448551178,565,ACTACN,0.05840596556663513,565,ACTACN,0.05840596556663513,False,False,True,7.793307304382324e-05,
6,2,67,head_3,recovery,0.0087890625,-0.010411381721496582,4572,TGCAGC,1.900390625,872,AGGTGC,2.212890625,872,AGGTGC,2.212890625,2395,CTCTTN,0.02090965025126934,565,ACTACN,0.05922074243426323,565,ACTACN,0.05922074243426323,False,False,True,-0.00229722261428833,
6,3,67,head_3,recovery,0.00439453125,-0.01096796989440918,4572,TGCAGC,1.900390625,872,AGGTGC,2.21484375,872,AGGTGC,2.21484375,2395,CTCTTN,0.020922333002090454,565,ACTACN,0.05927203968167305,565,ACTACN,0.05927203968167305,False,False,True,-0.0031439661979675293,
6,4,67,head_3,recovery,0.01123046875,-0.006528019905090332,4572,TGCAGC,1.9033203125,872,AGGTGC,2.21484375,872,AGGTGC,2.21484375,2395,CTCTTN,0.020796936005353928,565,ACTACN,0.058838631957769394,565,ACTACN,0.058838631957769394,False,False,True,-0.0018680095672607422,
6,5,67,head_3,recovery,0.017578125,-0.004595160484313965,4572,TGCAGC,1.900390625,872,AGGTGC,2.208984375,872,AGGTGC,2.208984375,2395,CTCTTN,0.02092152088880539,565,ACTACN,0.058829136192798615,565,ACTACN,0.058829136192798615,False,False,True,-0.0012608766555786133,
6,6,67,head_3,recovery,0.0224609375,-0.015341520309448242,4572,TGCAGC,1.900390625,872,AGGTGC,2.20703125,872,AGGTGC,2.20703125,2395,CTCTTN,0.021006019786000252,565,ACTACN,0.05965913459658623,565,ACTACN,0.05965913459658623,False,False,True,-0.0017269253730773926,
6,7,67,head_3,recovery,0.0224609375,-0.020215749740600586,4572,TGCAGC,1.90234375,872,AGGTGC,2.208984375,872,AGGTGC,2.208984375,2395,CTCTTN,0.02088828757405281,565,ACTACN,0.05987953767180443,565,ACTACN,0.05987953767180443,False,False,True,-0.0015426278114318848,
6,8,67,head_3,recovery,0.0087890625,-0.02093195915222168,4572,TGCAGC,1.896484375,872,AGGTGC,2.208984375,872,AGGTGC,2.208984375,2395,CTCTTN,0.020726874470710754,565,ACTACN,0.05976780503988266,565,ACTACN,0.05976780503988266,False,False,True,-0.003391772508621216,
6,9,67,head_3,recovery,-0.017578125,-0.014890074729919434,4572,TGCAGC,1.888671875,872,AGGTGC,2.212890625,872,AGGTGC,2.212890625,2395,CTCTTN,0.02065163105726242,565,ACTACN,0.05927342548966408,565,ACTACN,0.05927342548966408,False,False,True,-0.0008857548236846924,
6,10,67,head_3,recovery,-0.0576171875,-0.024701237678527832,4572,TGCAGC,1.876953125,872,AGGTGC,2.21875,872,AGGTGC,2.21875,2395,CTCTTN,0.020108262076973915,565,ACTACN,0.05941068008542061,565,ACTACN,0.05941068008542061,False,False,True,-0.0005563497543334961,
6,11,67,head_3,recovery,-0.0556640625,-0.021704792976379395,4572,TGCAGC,1.8837890625,872,AGGTGC,2.224609375,872,AGGTGC,2.224609375,2395,CTCTTN,0.020148873329162598,565,ACTACN,0.05924341455101967,565,ACTACN,0.05924341455101967,False,False,True,0.00027358531951904297,
6,12,67,head_3,recovery,-0.048828125,0.008341193199157715,4572,TGCAGC,1.861328125,872,AGGTGC,2.19921875,872,AGGTGC,2.19921875,2395,CTCTTN,0.020654303953051567,565,ACTACN,0.05766449123620987,565,ACTACN,0.05766449123620987,False,False,True,0.002661466598510742,
6,13,67,head_3,recovery,-0.013671875,0.022258520126342773,4572,TGCAGC,1.875,872,AGGTGC,2.197265625,872,AGGTGC,2.197265625,2395,CTCTTN,0.021182110533118248,565,ACTACN,0.05722682178020477,565,ACTACN,0.05722682178020477,False,False,True,0.003209710121154785,
6,14,67,head_3,recovery,0.0,0.03618896007537842,4572,TGCAGC,1.873046875,872,AGGTGC,2.189453125,872,AGGTGC,2.189453125,2395,CTCTTN,0.021250084042549133,565,ACTACN,0.05632840469479561,565,ACTACN,0.05632840469479561,False,False,True,0.0030174851417541504,
6,15,67,head_3,recovery,0.0,0.03847074508666992,4572,TGCAGC,1.90234375,872,AGGTGC,2.21875,872,AGGTGC,2.21875,2395,CTCTTN,0.02095695212483406,565,ACTACN,0.05587697774171829,565,ACTACN,0.05587697774171829,False,False,True,0.0021114349365234375,
6,16,67,head_3,recovery,-0.015625,0.04571104049682617,4572,TGCAGC,1.8994140625,872,AGGTGC,2.22265625,872,AGGTGC,2.22265625,2395,CTCTTN,0.020861679688096046,565,ACTACN,0.055279433727264404,565,ACTACN,0.055279433727264404,False,False,True,0.004252046346664429,
6,17,67,head_3,recovery,-0.0263671875,0.015933513641357422,4572,TGCAGC,1.908203125,872,AGGTGC,2.236328125,872,AGGTGC,2.236328125,2395,CTCTTN,0.020810909569263458,565,ACTACN,0.05729439854621887,565,ACTACN,0.05729439854621887,False,False,True,0.003655940294265747,
6,18,67,head_3,recovery,-0.0224609375,-0.01580667495727539,4572,TGCAGC,1.8984375,872,AGGTGC,2.224609375,872,AGGTGC,2.224609375,2395,CTCTTN,0.020534755662083626,565,ACTACN,0.05922013893723488,565,ACTACN,0.05922013893723488,False,False,True,0.0031176507472991943,
6,19,67,head_3,recovery,-0.0068359375,-0.007988929748535156,4572,TGCAGC,1.9052734375,872,AGGTGC,2.224609375,872,AGGTGC,2.224609375,2395,CTCTTN,0.02063731476664543,565,ACTACN,0.058780357241630554,565,ACTACN,0.058780357241630554,False,False,True,0.0006502866744995117,
6,20,67,head_3,recovery,0.0224609375,-0.005540251731872559,4572,TGCAGC,1.90234375,872,AGGTGC,2.208984375,872,AGGTGC,2.208984375,2395,CTCTTN,0.020741848275065422,565,ACTACN,0.05871502310037613,565,ACTACN,0.05871502310037613,False,False,True,0.0020360350608825684,
6,21,67,head_3,recovery,0.00439453125,-0.011163949966430664,4572,TGCAGC,1.8984375,872,AGGTGC,2.212890625,872,AGGTGC,2.212890625,2395,CTCTTN,0.020715052261948586,565,ACTACN,0.05907835066318512,565,ACTACN,0.05907835066318512,False,False,True,0.0012658238410949707,
6,22,67,head_3,recovery,-0.013671875,-0.006561160087585449,4572,TGCAGC,1.89453125,872,AGGTGC,2.216796875,872,AGGTGC,2.216796875,2395,CTCTTN,0.020725715905427933,565,ACTACN,0.05876971036195755,565,ACTACN,0.05876971036195755,False,False,True,0.0005368292331695557,
6,23,67,head_3,recovery,-0.017578125,0.0012122392654418945,4572,TGCAGC,1.900390625,872,AGGTGC,2.224609375,872,AGGTGC,2.224609375,2395,CTCTTN,0.02069084160029888,565,ACTACN,0.058195583522319794,565,ACTACN,0.058195583522319794,False,False,True,-0.000835806131362915,
6,24,67,head_3,recovery,-0.017578125,0.004774689674377441,4572,TGCAGC,1.904296875,872,AGGTGC,2.228515625,872,AGGTGC,2.228515625,2395,CTCTTN,0.020671747624874115,565,ACTACN,0.057929351925849915,565,ACTACN,0.057929351925849915,False,False,True,-0.00012424588203430176,
6,25,67,head_3,recovery,-0.0048828125,-0.005089163780212402,4572,TGCAGC,1.90625,872,AGGTGC,2.224609375,872,AGGTGC,2.224609375,2395,CTCTTN,0.020653046667575836,565,ACTACN,0.05859493091702461,565,ACTACN,0.05859493091702461,False,False,True,-0.001196444034576416,
6,26,67,head_3,recovery,0.01123046875,-0.009282588958740234,4572,TGCAGC,1.9052734375,872,AGGTGC,2.216796875,872,AGGTGC,2.216796875,2395,CTCTTN,0.020761942490935326,565,ACTACN,0.058994729071855545,565,ACTACN,0.058994729071855545,False,False,True,0.00011160969734191895,
6,27,67,head_3,recovery,0.0087890625,-0.016407370567321777,4572,TGCAGC,1.900390625,872,AGGTGC,2.212890625,872,AGGTGC,2.212890625,2395,CTCTTN,0.020890843123197556,565,ACTACN,0.059617891907691956,565,ACTACN,0.059617891907691956,False,False,True,-0.0005922913551330566,
6,28,67,head_3,recovery,0.02880859375,-0.008744239807128906,4572,TGCAGC,1.8994140625,872,AGGTGC,2.203125,872,AGGTGC,2.203125,2395,CTCTTN,0.02117501012980938,565,ACTACN,0.059370458126068115,565,ACTACN,0.059370458126068115,False,False,True,0.0010293424129486084,
6,29,67,head_3,recovery,0.06005859375,-0.009965300559997559,4572,TGCAGC,1.8857421875,872,AGGTGC,2.17578125,872,AGGTGC,2.17578125,2395,CTCTTN,0.021428178995847702,565,ACTACN,0.059708330780267715,565,ACTACN,0.059708330780267715,False,False,True,0.0018317103385925293,
6,30,67,head_3,recovery,0.04443359375,-0.0264127254486084,4572,TGCAGC,1.884765625,872,AGGTGC,2.181640625,872,AGGTGC,2.181640625,2395,CTCTTN,0.021094854921102524,565,ACTACN,0.06051599979400635,565,ACTACN,0.06051599979400635,False,False,True,0.0019494593143463135,
6,31,67,head_3,recovery,0.01318359375,-0.023954033851623535,4572,TGCAGC,1.875,872,AGGTGC,2.185546875,872,AGGTGC,2.185546875,2395,CTCTTN,0.021063724532723427,565,ACTACN,0.06031430885195732,565,ACTACN,0.06031430885195732,False,False,True,-0.0002181529998779297,
6,32,67,head_3,recovery,0.0087890625,-0.0071266889572143555,4572,TGCAGC,1.892578125,872,AGGTGC,2.205078125,872,AGGTGC,2.205078125,2395,CTCTTN,0.021217305213212967,565,ACTACN,0.059300538152456284,565,ACTACN,0.059300538152456284,False,False,True,-0.0018781423568725586,
6,33,67,head_3,recovery,0.02685546875,0.0006142258644104004,4572,TGCAGC,1.89453125,872,AGGTGC,2.19921875,872,AGGTGC,2.19921875,2395,CTCTTN,0.02146594412624836,565,ACTACN,0.059012167155742645,565,ACTACN,0.059012167155742645,False,False,True,-0.0012836456298828125,
6,34,67,head_3,recovery,0.03759765625,-0.003915667533874512,4572,TGCAGC,1.9052734375,872,AGGTGC,2.205078125,872,AGGTGC,2.205078125,2395,CTCTTN,0.02103966847062111,565,ACTACN,0.0589001439511776,565,ACTACN,0.0589001439511776,False,False,True,-0.0004754960536956787,
7,0,67,head_3,recovery,0.00244140625,-0.003958463668823242,4572,TGCAGC,1.8994140625,872,AGGTGC,2.21484375,872,AGGTGC,2.21484375,2395,CTCTTN,0.02077588438987732,565,ACTACN,0.05863932520151138,565,ACTACN,0.05863932520151138,False,False,True,3.7789344787597656e-05,
7,1,67,head_3,recovery,-0.001953125,-0.004015088081359863,4572,TGCAGC,1.9033203125,872,AGGTGC,2.220703125,872,AGGTGC,2.220703125,2395,CTCTTN,0.02073635905981064,565,ACTACN,0.05860372632741928,565,ACTACN,0.05860372632741928,False,False,True,0.00028324127197265625,
7,2,67,head_3,recovery,0.00244140625,0.0030900239944458008,4572,TGCAGC,1.9033203125,872,AGGTGC,2.21875,872,AGGTGC,2.21875,2395,CTCTTN,0.020865043625235558,565,ACTACN,0.058239519596099854,565,ACTACN,0.058239519596099854,False,False,True,-8.594989776611328e-05,
7,3,67,head_3,recovery,0.00439453125,0.005405426025390625,4572,TGCAGC,1.904296875,872,AGGTGC,2.21875,872,AGGTGC,2.21875,2395,CTCTTN,0.020881449803709984,565,ACTACN,0.0580952987074852,565,ACTACN,0.0580952987074852,False,False,True,-0.00033143162727355957,
7,4,67,head_3,recovery,0.0,0.003243565559387207,4572,TGCAGC,1.8984375,872,AGGTGC,2.21484375,872,AGGTGC,2.21484375,2395,CTCTTN,0.020995594561100006,565,ACTACN,0.05835941061377525,565,ACTACN,0.05835941061377525,False,False,True,-0.00011909008026123047,
7,5,67,head_3,recovery,0.0,-0.0052607059478759766,4572,TGCAGC,1.8984375,872,AGGTGC,2.21484375,872,AGGTGC,2.21484375,2395,CTCTTN,0.020903408527374268,565,ACTACN,0.05885718762874603,565,ACTACN,0.05885718762874603,False,False,True,-0.0005861520767211914,
7,6,67,head_3,recovery,0.0244140625,-0.012363910675048828,4572,TGCAGC,1.8935546875,872,AGGTGC,2.19921875,872,AGGTGC,2.19921875,2395,CTCTTN,0.02112877555191517,565,ACTACN,0.05957532301545143,565,ACTACN,0.05957532301545143,False,False,True,-0.001448303461074829,
7,7,67,head_3,recovery,0.033203125,-0.009643077850341797,4572,TGCAGC,1.8955078125,872,AGGTGC,2.197265625,872,AGGTGC,2.197265625,2395,CTCTTN,0.02117641270160675,565,ACTACN,0.05943421274423599,565,ACTACN,0.05943421274423599,False,False,True,-0.00158652663230896,
7,8,67,head_3,recovery,0.02685546875,-0.004348397254943848,4572,TGCAGC,1.89453125,872,AGGTGC,2.19921875,872,AGGTGC,2.19921875,2395,CTCTTN,0.021348481997847557,565,ACTACN,0.0592389777302742,565,ACTACN,0.0592389777302742,False,False,True,-0.001834273338317871,
7,9,67,head_3,recovery,0.015625,-0.0030606985092163086,4572,TGCAGC,1.8994140625,872,AGGTGC,2.208984375,872,AGGTGC,2.208984375,2395,CTCTTN,0.02104715071618557,565,ACTACN,0.058848313987255096,565,ACTACN,0.058848313987255096,False,False,True,-7.43865966796875e-05,
7,10,67,head_3,recovery,0.02880859375,0.002172708511352539,4572,TGCAGC,1.8994140625,872,AGGTGC,2.203125,872,AGGTGC,2.203125,2395,CTCTTN,0.02115612104535103,565,ACTACN,0.0585942305624485,565,ACTACN,0.0585942305624485,False,False,True,-0.0007485151290893555,
7,11,67,head_3,recovery,0.02880859375,0.004893779754638672,4572,TGCAGC,1.8994140625,872,AGGTGC,2.203125,872,AGGTGC,2.203125,2395,CTCTTN,0.02121572196483612,565,ACTACN,0.05846506357192993,565,ACTACN,0.05846506357192993,False,False,True,-0.002267301082611084,
7,12,67,head_3,recovery,0.0224609375,-0.0013260841369628906,4572,TGCAGC,1.8984375,872,AGGTGC,2.205078125,872,AGGTGC,2.205078125,2395,CTCTTN,0.02125721611082554,565,ACTACN,0.05893804505467415,565,ACTACN,0.05893804505467415,False,False,True,-0.0038195550441741943,
7,13,67,head_3,recovery,0.02001953125,0.0031669139862060547,4572,TGCAGC,1.8994140625,872,AGGTGC,2.20703125,872,AGGTGC,2.20703125,2395,CTCTTN,0.021235095337033272,565,ACTACN,0.05860423669219017,565,ACTACN,0.05860423669219017,False,False,True,-0.003567904233932495,
7,14,67,head_3,recovery,0.01318359375,0.0009900331497192383,4572,TGCAGC,1.90234375,872,AGGTGC,2.212890625,872,AGGTGC,2.212890625,2395,CTCTTN,0.021130748093128204,565,ACTACN,0.058650903403759,565,ACTACN,0.058650903403759,False,False,True,-0.0021475255489349365,
7,15,67,head_3,recovery,-0.0068359375,0.002023756504058838,4572,TGCAGC,1.8837890625,872,AGGTGC,2.203125,872,AGGTGC,2.203125,2395,CTCTTN,0.02106372080743313,565,ACTACN,0.058512162417173386,565,ACTACN,0.058512162417173386,False,False,True,-0.0008947253227233887,
7,16,67,head_3,recovery,-0.0087890625,-0.007177591323852539,4572,TGCAGC,1.88671875,872,AGGTGC,2.20703125,872,AGGTGC,2.20703125,2395,CTCTTN,0.02095283754169941,565,ACTACN,0.05903959274291992,565,ACTACN,0.05903959274291992,False,False,True,3.695487976074219e-05,
7,17,67,head_3,recovery,0.0419921875,0.02267587184906006,4572,TGCAGC,1.8798828125,872,AGGTGC,2.177734375,872,AGGTGC,2.177734375,2395,CTCTTN,0.022230084985494614,565,ACTACN,0.058245837688446045,565,ACTACN,0.058245837688446045,False,False,True,-0.004410982131958008,
7,18,67,head_3,recovery,0.0712890625,0.023017525672912598,4572,TGCAGC,1.8984375,872,AGGTGC,2.18359375,872,AGGTGC,2.18359375,2395,CTCTTN,0.022189166396856308,565,ACTACN,0.05818122252821922,565,ACTACN,0.05818122252821922,False,False,True,-0.0035566091537475586,
7,19,67,head_3,recovery,0.0556640625,0.026314377784729004,4572,TGCAGC,1.8935546875,872,AGGTGC,2.185546875,872,AGGTGC,2.185546875,2395,CTCTTN,0.02203511632978916,565,ACTACN,0.05779846012592316,565,ACTACN,0.05779846012592316,False,False,True,-0.0026632845401763916,
7,20,67,head_3,recovery,-0.013671875,0.02798163890838623,4572,TGCAGC,1.8984375,872,AGGTGC,2.220703125,872,AGGTGC,2.220703125,2395,CTCTTN,0.021376939490437508,565,ACTACN,0.057024624198675156,565,ACTACN,0.057024624198675156,False,False,True,-0.004818320274353027,
7,21,67,head_3,recovery,-0.0224609375,0.028728842735290527,4572,TGCAGC,1.90234375,872,AGGTGC,2.228515625,872,AGGTGC,2.228515625,2395,CTCTTN,0.021254941821098328,565,ACTACN,0.05685079097747803,565,ACTACN,0.05685079097747803,False,False,True,-0.004981130361557007,
7,22,67,head_3,recovery,-0.048828125,0.0500146746635437,4572,TGCAGC,1.90234375,872,AGGTGC,2.240234375,872,AGGTGC,2.240234375,2395,CTCTTN,0.020978620275855064,565,ACTACN,0.055097825825214386,565,ACTACN,0.055097825825214386,False,False,True,-0.00889924168586731,
7,23,67,head_3,recovery,-0.06640625,0.03825831413269043,4572,TGCAGC,1.892578125,872,AGGTGC,2.23828125,872,AGGTGC,2.23828125,2395,CTCTTN,0.020428724586963654,565,ACTACN,0.0553634949028492,565,ACTACN,0.0553634949028492,False,False,True,-0.004042178392410278,
7,24,67,head_3,recovery,-0.06640625,0.03521430492401123,4572,TGCAGC,1.89453125,872,AGGTGC,2.240234375,872,AGGTGC,2.240234375,2395,CTCTTN,0.02036944217979908,565,ACTACN,0.05551538243889809,565,ACTACN,0.05551538243889809,False,False,True,-0.00452914834022522,
7,25,67,head_3,recovery,-0.0625,0.0035376548767089844,4572,TGCAGC,1.892578125,872,AGGTGC,2.236328125,872,AGGTGC,2.236328125,2395,CTCTTN,0.020456206053495407,565,ACTACN,0.057799626141786575,565,ACTACN,0.057799626141786575,False,False,True,-0.0017421245574951172,
7,26,67,head_3,recovery,-0.029296875,-0.01796281337738037,4572,TGCAGC,1.8955078125,872,AGGTGC,2.224609375,872,AGGTGC,2.224609375,2395,CTCTTN,0.02057904563844204,565,ACTACN,0.059414006769657135,565,ACTACN,0.059414006769657135,False,False,True,-0.0012266337871551514,
7,27,67,head_3,recovery,-0.03125,-0.017924070358276367,4572,TGCAGC,1.896484375,872,AGGTGC,2.2265625,872,AGGTGC,2.2265625,2395,CTCTTN,0.02054978348314762,565,ACTACN,0.05938205495476723,565,ACTACN,0.05938205495476723,False,False,True,-0.001892179250717163,
7,28,67,head_3,recovery,-0.0048828125,-0.013962745666503906,4572,TGCAGC,1.89453125,872,AGGTGC,2.212890625,872,AGGTGC,2.212890625,2395,CTCTTN,0.02074328064918518,565,ACTACN,0.059300746768713,565,ACTACN,0.059300746768713,False,False,True,-0.0015389025211334229,
7,29,67,head_3,recovery,-0.001953125,-0.009703397750854492,4572,TGCAGC,1.8955078125,872,AGGTGC,2.212890625,872,AGGTGC,2.212890625,2395,CTCTTN,0.020908476784825325,565,ACTACN,0.05917045474052429,565,ACTACN,0.05917045474052429,False,False,True,-0.0006870031356811523,
7,30,67,head_3,recovery,-0.0048828125,-0.005371570587158203,4572,TGCAGC,1.892578125,872,AGGTGC,2.2109375,872,AGGTGC,2.2109375,2395,CTCTTN,0.020957201719284058,565,ACTACN,0.058918677270412445,565,ACTACN,0.058918677270412445,False,False,True,-0.0004590749740600586,
7,31,67,head_3,recovery,-0.044921875,-0.017544269561767578,4572,TGCAGC,1.88671875,872,AGGTGC,2.22265625,872,AGGTGC,2.22265625,2395,CTCTTN,0.020773429423570633,565,ACTACN,0.059579357504844666,565,ACTACN,0.059579357504844666,False,False,True,0.0004177689552307129,
7,32,67,head_3,recovery,-0.06640625,-0.02362060546875,4572,TGCAGC,1.857421875,872,AGGTGC,2.203125,872,AGGTGC,2.203125,2395,CTCTTN,0.020368658006191254,565,ACTACN,0.05959610641002655,565,ACTACN,0.05959610641002655,False,False,True,0.0035489797592163086,
7,33,67,head_3,recovery,-0.0576171875,-0.02788233757019043,4572,TGCAGC,1.85546875,872,AGGTGC,2.197265625,872,AGGTGC,2.197265625,2395,CTCTTN,0.020478464663028717,565,ACTACN,0.06000155955553055,565,ACTACN,0.06000155955553055,False,False,True,0.002568960189819336,
7,34,67,head_3,recovery,-0.013671875,-0.015368342399597168,4572,TGCAGC,1.873046875,872,AGGTGC,2.1953125,872,AGGTGC,2.1953125,2395,CTCTTN,0.020610911771655083,565,ACTACN,0.05926588177680969,565,ACTACN,0.05926588177680969,False,False,True,0.0021117329597473145,
8,0,67,head_3,recovery,-0.0068359375,-0.011739134788513184,4572,TGCAGC,1.9033203125,872,AGGTGC,2.22265625,872,AGGTGC,2.22265625,2395,CTCTTN,0.02069912478327751,565,ACTACN,0.05910232663154602,565,ACTACN,0.05910232663154602,False,False,True,0.00021347403526306152,
8,1,67,head_3,recovery,-0.017578125,-0.013854265213012695,4572,TGCAGC,1.8984375,872,AGGTGC,2.22265625,872,AGGTGC,2.22265625,2395,CTCTTN,0.020731443539261818,565,ACTACN,0.05928138270974159,565,ACTACN,0.05928138270974159,False,False,True,-2.7626752853393555e-05,
8,2,67,head_3,recovery,-0.0087890625,-0.004726886749267578,4572,TGCAGC,1.8984375,872,AGGTGC,2.21875,872,AGGTGC,2.21875,2395,CTCTTN,0.02070467360317707,565,ACTACN,0.058621425181627274,565,ACTACN,0.058621425181627274,False,False,True,0.00012892484664916992,
8,3,67,head_3,recovery,-0.017578125,-0.003180384635925293,4572,TGCAGC,1.896484375,872,AGGTGC,2.220703125,872,AGGTGC,2.220703125,2395,CTCTTN,0.020775221288204193,565,ACTACN,0.058584682643413544,565,ACTACN,0.058584682643413544,False,False,True,-0.0003968477249145508,
8,4,67,head_3,recovery,0.0,0.004333674907684326,4572,TGCAGC,1.90234375,872,AGGTGC,2.21875,872,AGGTGC,2.21875,2395,CTCTTN,0.020795609802007675,565,ACTACN,0.05808380991220474,565,ACTACN,0.05808380991220474,False,False,True,-0.00038567185401916504,
8,5,67,head_3,recovery,-0.001953125,0.005351722240447998,4572,TGCAGC,1.9033203125,872,AGGTGC,2.220703125,872,AGGTGC,2.220703125,2395,CTCTTN,0.020798210054636,565,ACTACN,0.05801578238606453,565,ACTACN,0.05801578238606453,False,False,True,-0.00012132525444030762,
8,6,67,head_3,recovery,0.00244140625,-0.007986187934875488,4572,TGCAGC,1.8955078125,872,AGGTGC,2.2109375,872,AGGTGC,2.2109375,2395,CTCTTN,0.020889680832624435,565,ACTACN,0.05903252959251404,565,ACTACN,0.05903252959251404,False,False,True,-0.0006534159183502197,
8,7,67,head_3,recovery,0.0068359375,-0.014771103858947754,4572,TGCAGC,1.8935546875,872,AGGTGC,2.20703125,872,AGGTGC,2.20703125,2395,CTCTTN,0.020883530378341675,565,ACTACN,0.05949707329273224,565,ACTACN,0.05949707329273224,False,False,True,-0.0008174479007720947,
8,8,67,head_3,recovery,0.015625,-0.020036935806274414,4572,TGCAGC,1.8896484375,872,AGGTGC,2.19921875,872,AGGTGC,2.19921875,2395,CTCTTN,0.02097194455564022,565,ACTACN,0.05995078757405281,565,ACTACN,0.05995078757405281,False,False,True,-0.0013678371906280518,
8,9,67,head_3,recovery,0.0087890625,-0.022180557250976562,4572,TGCAGC,1.88671875,872,AGGTGC,2.19921875,872,AGGTGC,2.19921875,2395,CTCTTN,0.0209029670804739,565,ACTACN,0.06003051623702049,565,ACTACN,0.06003051623702049,False,False,True,-0.0006390511989593506,
8,10,67,head_3,recovery,0.02001953125,-0.033294081687927246,4572,TGCAGC,1.8935546875,872,AGGTGC,2.201171875,872,AGGTGC,2.201171875,2395,CTCTTN,0.02071855030953884,565,ACTACN,0.060617074370384216,565,ACTACN,0.060617074370384216,False,False,True,-0.0002860724925994873,
8,11,67,head_3,recovery,-0.001953125,-0.024640202522277832,4572,TGCAGC,1.8994140625,872,AGGTGC,2.216796875,872,AGGTGC,2.216796875,2395,CTCTTN,0.020477458834648132,565,ACTACN,0.059775643050670624,565,ACTACN,0.059775643050670624,False,False,True,0.0006815493106842041,
8,12,67,head_3,recovery,0.0068359375,-0.017918705940246582,4572,TGCAGC,1.8994140625,872,AGGTGC,2.212890625,872,AGGTGC,2.212890625,2395,CTCTTN,0.02058655023574829,565,ACTACN,0.0594184435904026,565,ACTACN,0.0594184435904026,False,False,True,0.0012701153755187988,
8,13,67,head_3,recovery,0.00244140625,-0.0050201416015625,4572,TGCAGC,1.8994140625,872,AGGTGC,2.21484375,872,AGGTGC,2.21484375,2395,CTCTTN,0.020891254767775536,565,ACTACN,0.05882835388183594,565,ACTACN,0.05882835388183594,False,False,True,0.0005938708782196045,
8,14,67,head_3,recovery,0.0087890625,0.0018606781959533691,4572,TGCAGC,1.90234375,872,AGGTGC,2.21484375,872,AGGTGC,2.21484375,2395,CTCTTN,0.0209939144551754,565,ACTACN,0.05845366418361664,565,ACTACN,0.05845366418361664,False,False,True,-0.0018135607242584229,
8,15,67,head_3,recovery,0.02685546875,0.037923455238342285,4572,TGCAGC,1.931640625,872,AGGTGC,2.236328125,872,AGGTGC,2.236328125,2395,CTCTTN,0.02124115079641342,565,ACTACN,0.05619914457201958,565,ACTACN,0.05619914457201958,False,False,True,-0.006539583206176758,
8,16,67,head_3,recovery,-0.017578125,0.05057293176651001,4572,TGCAGC,1.916015625,872,AGGTGC,2.240234375,872,AGGTGC,2.240234375,2395,CTCTTN,0.021149152889847755,565,ACTACN,0.05522962659597397,565,ACTACN,0.05522962659597397,False,False,True,-0.0028426647186279297,
8,17,67,head_3,recovery,0.0068359375,0.015012502670288086,4572,TGCAGC,1.9130859375,872,AGGTGC,2.2265625,872,AGGTGC,2.2265625,2395,CTCTTN,0.021150564774870872,565,ACTACN,0.057697948068380356,565,ACTACN,0.057697948068380356,False,False,True,-0.0011003315448760986,
8,18,67,head_3,recovery,-0.0048828125,-0.004737257957458496,4572,TGCAGC,1.880859375,872,AGGTGC,2.19921875,872,AGGTGC,2.19921875,2395,CTCTTN,0.02111843414604664,565,ACTACN,0.05903590843081474,565,ACTACN,0.05903590843081474,False,False,True,0.0008063316345214844,
8,19,67,head_3,recovery,-0.0107421875,-0.03014826774597168,4572,TGCAGC,1.8701171875,872,AGGTGC,2.19140625,872,AGGTGC,2.19140625,2395,CTCTTN,0.02077622525393963,565,ACTACN,0.06045651063323021,565,ACTACN,0.06045651063323021,False,False,True,0.00133553147315979,
8,20,67,head_3,recovery,-0.0087890625,0.013793468475341797,4572,TGCAGC,1.865234375,872,AGGTGC,2.185546875,872,AGGTGC,2.185546875,2395,CTCTTN,0.02074957825243473,565,ACTACN,0.0573815256357193,565,ACTACN,0.0573815256357193,False,False,True,0.0011916756629943848,
8,21,67,head_3,recovery,-0.0048828125,-0.002680182456970215,4572,TGCAGC,1.8671875,872,AGGTGC,2.185546875,872,AGGTGC,2.185546875,2395,CTCTTN,0.020481370389461517,565,ACTACN,0.058256130665540695,565,ACTACN,0.058256130665540695,False,False,True,0.003256469964981079,
8,22,67,head_3,recovery,0.04443359375,0.02302861213684082,4572,TGCAGC,1.8984375,872,AGGTGC,2.1953125,872,AGGTGC,2.1953125,2395,CTCTTN,0.020790157839655876,565,ACTACN,0.05678144842386246,565,ACTACN,0.05678144842386246,False,False,True,0.00030797719955444336,
8,23,67,head_3,recovery,0.03564453125,-0.006492972373962402,4572,TGCAGC,1.91015625,872,AGGTGC,2.2109375,872,AGGTGC,2.2109375,2395,CTCTTN,0.020456815138459206,565,ACTACN,0.058496080338954926,565,ACTACN,0.058496080338954926,False,False,True,0.0006688237190246582,
8,24,67,head_3,recovery,0.02685546875,-0.01222693920135498,4572,TGCAGC,1.9140625,872,AGGTGC,2.21875,872,AGGTGC,2.21875,2395,CTCTTN,0.0203377865254879,565,ACTACN,0.058774836361408234,565,ACTACN,0.058774836361408234,False,False,True,0.0004819333553314209,
8,25,67,head_3,recovery,0.0068359375,-0.018498778343200684,4572,TGCAGC,1.9052734375,872,AGGTGC,2.21875,872,AGGTGC,2.21875,2395,CTCTTN,0.02025686390697956,565,ACTACN,0.05912899971008301,565,ACTACN,0.05912899971008301,False,False,True,0.0005534887313842773,
8,26,67,head_3,recovery,-0.0107421875,-0.004898667335510254,4572,TGCAGC,1.8994140625,872,AGGTGC,2.220703125,872,AGGTGC,2.220703125,2395,CTCTTN,0.020580308511853218,565,ACTACN,0.058508969843387604,565,ACTACN,0.058508969843387604,False,False,True,0.0006053149700164795,
8,27,67,head_3,recovery,0.0,-0.0021812915802001953,4572,TGCAGC,1.89453125,872,AGGTGC,2.2109375,872,AGGTGC,2.2109375,2395,CTCTTN,0.020666208118200302,565,ACTACN,0.05840636417269707,565,ACTACN,0.05840636417269707,False,False,True,-0.00019308924674987793,
8,28,67,head_3,recovery,-0.0048828125,-0.001660466194152832,4572,TGCAGC,1.896484375,872,AGGTGC,2.21484375,872,AGGTGC,2.21484375,2395,CTCTTN,0.02071581780910492,565,ACTACN,0.0584198459982872,565,ACTACN,0.0584198459982872,False,False,True,-9.691715240478516e-05,
8,29,67,head_3,recovery,0.02001953125,-0.0031867027282714844,4572,TGCAGC,1.9052734375,872,AGGTGC,2.212890625,872,AGGTGC,2.212890625,2395,CTCTTN,0.020571991801261902,565,ACTACN,0.05838189646601677,565,ACTACN,0.05838189646601677,False,False,True,-0.0009810924530029297,
8,30,67,head_3,recovery,0.0087890625,-0.00996553897857666,4572,TGCAGC,1.8984375,872,AGGTGC,2.2109375,872,AGGTGC,2.2109375,2395,CTCTTN,0.020456017926335335,565,ACTACN,0.05873618274927139,565,ACTACN,0.05873618274927139,False,False,True,-0.0012628734111785889,
8,31,67,head_3,recovery,0.0400390625,-0.0058667659759521484,4572,TGCAGC,1.908203125,872,AGGTGC,2.20703125,872,AGGTGC,2.20703125,2395,CTCTTN,0.02101844735443592,565,ACTACN,0.059014271944761276,565,ACTACN,0.059014271944761276,False,False,True,-0.0017367005348205566,
8,32,67,head_3,recovery,-0.013671875,-0.01733100414276123,4572,TGCAGC,1.8828125,872,AGGTGC,2.205078125,872,AGGTGC,2.205078125,2395,CTCTTN,0.020810814574360847,565,ACTACN,0.05960194021463394,565,ACTACN,0.05960194021463394,False,False,True,-0.0014424026012420654,
8,33,67,head_3,recovery,-0.013671875,-0.01869368553161621,4572,TGCAGC,1.88671875,872,AGGTGC,2.208984375,872,AGGTGC,2.208984375,2395,CTCTTN,0.0208009984344244,565,ACTACN,0.05968666076660156,565,ACTACN,0.05968666076660156,False,False,True,-0.0010634064674377441,
8,34,67,head_3,recovery,-0.048828125,-0.035384297370910645,4572,TGCAGC,1.876953125,872,AGGTGC,2.21484375,872,AGGTGC,2.21484375,2395,CTCTTN,0.020273922011256218,565,ACTACN,0.060317445546388626,565,ACTACN,0.060317445546388626,False,False,True,2.682209014892578e-05,
9,0,67,head_3,recovery,0.017578125,-0.017578125,4572,TGCAGC,1.9140625,872,AGGTGC,2.22265625,872,AGGTGC,2.22265625,2395,CTCTTN,0.02066556178033352,565,ACTACN,0.059473831206560135,565,ACTACN,0.059473831206560135,False,False,True,0.00021606683731079102,
9,1,67,head_3,recovery,0.00244140625,-0.014556407928466797,4572,TGCAGC,1.9130859375,872,AGGTGC,2.228515625,872,AGGTGC,2.228515625,2395,CTCTTN,0.020658599212765694,565,ACTACN,0.05925724655389786,565,ACTACN,0.05925724655389786,False,False,True,-0.0006395578384399414,
9,2,67,head_3,recovery,-0.0107421875,-0.003126978874206543,4572,TGCAGC,1.9033203125,872,AGGTGC,2.224609375,872,AGGTGC,2.224609375,2395,CTCTTN,0.020885080099105835,565,ACTACN,0.05869084224104881,565,ACTACN,0.05869084224104881,False,False,True,-0.0016441941261291504,
9,3,67,head_3,recovery,0.00439453125,-0.0023576021194458008,4572,TGCAGC,1.904296875,872,AGGTGC,2.21875,872,AGGTGC,2.21875,2395,CTCTTN,0.020880812779068947,565,ACTACN,0.05863320082426071,565,ACTACN,0.05863320082426071,False,False,True,-0.0021728575229644775,
9,4,67,head_3,recovery,0.015625,-0.004678487777709961,4572,TGCAGC,1.9052734375,872,AGGTGC,2.21484375,872,AGGTGC,2.21484375,2395,CTCTTN,0.020924214273691177,565,ACTACN,0.05883760750293732,565,ACTACN,0.05883760750293732,False,False,True,-0.0015324056148529053,
9,5,67,head_3,recovery,0.0224609375,-0.00252687931060791,4572,TGCAGC,1.90234375,872,AGGTGC,2.208984375,872,AGGTGC,2.208984375,2395,CTCTTN,0.02110264264047146,565,ACTACN,0.058866776525974274,565,ACTACN,0.058866776525974274,False,False,True,-0.0023010075092315674,
9,6,67,head_3,recovery,0.017578125,0.0071144700050354,4572,TGCAGC,1.90234375,872,AGGTGC,2.2109375,872,AGGTGC,2.2109375,2395,CTCTTN,0.02112898975610733,565,ACTACN,0.05822427198290825,565,ACTACN,0.05822427198290825,False,False,True,-0.0034189820289611816,
9,7,67,head_3,recovery,0.00439453125,0.008216500282287598,4572,TGCAGC,1.896484375,872,AGGTGC,2.2109375,872,AGGTGC,2.2109375,2395,CTCTTN,0.02106979861855507,565,ACTACN,0.05808863416314125,565,ACTACN,0.05808863416314125,False,False,True,-0.002403825521469116,
9,8,67,head_3,recovery,0.02001953125,0.0112876296043396,4572,TGCAGC,1.9091796875,872,AGGTGC,2.216796875,872,AGGTGC,2.216796875,2395,CTCTTN,0.02135973982512951,565,ACTACN,0.058165524154901505,565,ACTACN,0.058165524154901505,False,False,True,-0.002834826707839966,
9,9,67,head_3,recovery,0.0224609375,0.012536883354187012,4572,TGCAGC,1.904296875,872,AGGTGC,2.2109375,872,AGGTGC,2.2109375,2395,CTCTTN,0.021244831383228302,565,ACTACN,0.05796394869685173,565,ACTACN,0.05796394869685173,False,False,True,-0.0015349090099334717,
9,10,67,head_3,recovery,0.015625,0.025190770626068115,4572,TGCAGC,1.9091796875,872,AGGTGC,2.21875,872,AGGTGC,2.21875,2395,CTCTTN,0.021445371210575104,565,ACTACN,0.05728666111826897,565,ACTACN,0.05728666111826897,False,False,True,-0.00025916099548339844,
9,11,67,head_3,recovery,0.017578125,0.02261662483215332,4572,TGCAGC,1.90234375,872,AGGTGC,2.2109375,872,AGGTGC,2.2109375,2395,CTCTTN,0.021297795698046684,565,ACTACN,0.05731766298413277,565,ACTACN,0.05731766298413277,False,False,True,-0.0007371306419372559,
9,12,67,head_3,recovery,0.0224609375,0.022322118282318115,4572,TGCAGC,1.908203125,872,AGGTGC,2.21484375,872,AGGTGC,2.21484375,2395,CTCTTN,0.021379368379712105,565,ACTACN,0.05741966888308525,565,ACTACN,0.05741966888308525,False,False,True,-0.0011047422885894775,
9,13,67,head_3,recovery,0.03125,0.016647934913635254,4572,TGCAGC,1.908203125,872,AGGTGC,2.2109375,872,AGGTGC,2.2109375,2395,CTCTTN,0.02124829962849617,565,ACTACN,0.05768222361803055,565,ACTACN,0.05768222361803055,False,False,True,-0.0014930367469787598,
9,14,67,head_3,recovery,0.01318359375,0.0132676362991333,4572,TGCAGC,1.904296875,872,AGGTGC,2.21484375,872,AGGTGC,2.21484375,2395,CTCTTN,0.02123033069074154,565,ACTACN,0.057898759841918945,565,ACTACN,0.057898759841918945,False,False,True,-0.0009678304195404053,
9,15,67,head_3,recovery,0.01123046875,-0.005675196647644043,4572,TGCAGC,1.8994140625,872,AGGTGC,2.2109375,872,AGGTGC,2.2109375,2395,CTCTTN,0.02117428369820118,565,ACTACN,0.05915682017803192,565,ACTACN,0.05915682017803192,False,False,True,0.0005626082420349121,
9,16,67,head_3,recovery,-0.017578125,-0.009250521659851074,4572,TGCAGC,1.89453125,872,AGGTGC,2.21875,872,AGGTGC,2.21875,2395,CTCTTN,0.02111475169658661,565,ACTACN,0.059345316141843796,565,ACTACN,0.059345316141843796,False,False,True,-0.0002340376377105713,
9,17,67,head_3,recovery,-0.015625,-0.01087498664855957,4572,TGCAGC,1.8935546875,872,AGGTGC,2.216796875,872,AGGTGC,2.216796875,2395,CTCTTN,0.021091952919960022,565,ACTACN,0.05943521112203598,565,ACTACN,0.05943521112203598,False,False,True,0.0002910792827606201,
9,18,67,head_3,recovery,-0.0087890625,-0.004451274871826172,4572,TGCAGC,1.900390625,872,AGGTGC,2.220703125,872,AGGTGC,2.220703125,2395,CTCTTN,0.021035339683294296,565,ACTACN,0.05893297120928764,565,ACTACN,0.05893297120928764,False,False,True,-0.0016547143459320068,
9,19,67,head_3,recovery,0.01318359375,-0.010674476623535156,4572,TGCAGC,1.904296875,872,AGGTGC,2.21484375,872,AGGTGC,2.21484375,2395,CTCTTN,0.020934419706463814,565,ACTACN,0.059263765811920166,565,ACTACN,0.059263765811920166,False,False,True,-0.0015832781791687012,
9,20,67,head_3,recovery,0.03564453125,-0.011106371879577637,4572,TGCAGC,1.908203125,872,AGGTGC,2.208984375,872,AGGTGC,2.208984375,2395,CTCTTN,0.020938431844115257,565,ACTACN,0.05929774045944214,565,ACTACN,0.05929774045944214,False,False,True,-0.0030800998210906982,
9,21,67,head_3,recovery,0.04443359375,-0.009439706802368164,4572,TGCAGC,1.90625,872,AGGTGC,2.203125,872,AGGTGC,2.203125,2395,CTCTTN,0.0210023894906044,565,ACTACN,0.05924607813358307,565,ACTACN,0.05924607813358307,False,False,True,-0.0038349032402038574,
9,22,67,head_3,recovery,0.02001953125,-0.004422903060913086,4572,TGCAGC,1.9033203125,872,AGGTGC,2.2109375,872,AGGTGC,2.2109375,2395,CTCTTN,0.02111431024968624,565,ACTACN,0.05900997295975685,565,ACTACN,0.05900997295975685,False,False,True,-0.002611875534057617,
9,23,67,head_3,recovery,0.0244140625,-0.009690642356872559,4572,TGCAGC,1.9052734375,872,AGGTGC,2.2109375,872,AGGTGC,2.2109375,2395,CTCTTN,0.020917370915412903,565,ACTACN,0.059178467839956284,565,ACTACN,0.059178467839956284,False,False,True,-0.002994924783706665,
9,24,67,head_3,recovery,0.0419921875,-0.0023370981216430664,4572,TGCAGC,1.9091796875,872,AGGTGC,2.20703125,872,AGGTGC,2.20703125,2395,CTCTTN,0.020952938124537468,565,ACTACN,0.05870390683412552,565,ACTACN,0.05870390683412552,False,False,True,-0.0037981271743774414,
9,25,67,head_3,recovery,0.064453125,-0.0038290023803710938,4572,TGCAGC,1.9091796875,872,AGGTGC,2.197265625,872,AGGTGC,2.197265625,2395,CTCTTN,0.020843777805566788,565,ACTACN,0.05869824066758156,565,ACTACN,0.05869824066758156,False,False,True,-0.0048777759075164795,
9,26,67,head_3,recovery,0.0576171875,0.005761563777923584,4572,TGCAGC,1.908203125,872,AGGTGC,2.19921875,872,AGGTGC,2.19921875,2395,CTCTTN,0.020861122757196426,565,ACTACN,0.05805026367306709,565,ACTACN,0.05805026367306709,False,False,True,-0.0031194984912872314,
9,27,67,head_3,recovery,0.05322265625,-0.0016868114471435547,4572,TGCAGC,1.912109375,872,AGGTGC,2.205078125,872,AGGTGC,2.205078125,2395,CTCTTN,0.020790958777070045,565,ACTACN,0.05849681422114372,565,ACTACN,0.05849681422114372,False,False,True,-0.0017464160919189453,
9,28,67,head_3,recovery,0.0087890625,-0.007274985313415527,4572,TGCAGC,1.900390625,872,AGGTGC,2.212890625,872,AGGTGC,2.212890625,2395,CTCTTN,0.020562130957841873,565,ACTACN,0.058655645698308945,565,ACTACN,0.058655645698308945,False,False,True,0.0012833178043365479,
9,29,67,head_3,recovery,-0.03125,0.013790607452392578,4572,TGCAGC,1.896484375,872,AGGTGC,2.2265625,872,AGGTGC,2.2265625,2395,CTCTTN,0.020673511549830437,565,ACTACN,0.05730566382408142,565,ACTACN,0.05730566382408142,False,False,True,0.0014455616474151611,
9,30,67,head_3,recovery,-0.048828125,0.02197951078414917,4572,TGCAGC,1.888671875,872,AGGTGC,2.2265625,872,AGGTGC,2.2265625,2395,CTCTTN,0.020732726901769638,565,ACTACN,0.05679679661989212,565,ACTACN,0.05679679661989212,False,False,True,0.0019866526126861572,
9,31,67,head_3,recovery,-0.044921875,0.016696155071258545,4572,TGCAGC,1.888671875,872,AGGTGC,2.224609375,872,AGGTGC,2.224609375,2395,CTCTTN,0.020455097779631615,565,ACTACN,0.05688567832112312,565,ACTACN,0.05688567832112312,False,False,True,-0.0006217360496520996,
9,32,67,head_3,recovery,-0.03125,-0.016106128692626953,4572,TGCAGC,1.888671875,872,AGGTGC,2.21875,872,AGGTGC,2.21875,2395,CTCTTN,0.02007889188826084,565,ACTACN,0.05878504738211632,565,ACTACN,0.05878504738211632,False,False,True,-0.0010498762130737305,
9,33,67,head_3,recovery,-0.0400390625,-0.028519749641418457,4572,TGCAGC,1.888671875,872,AGGTGC,2.22265625,872,AGGTGC,2.22265625,2395,CTCTTN,0.020084014162421227,565,ACTACN,0.05965132638812065,565,ACTACN,0.05965132638812065,False,False,True,-0.0015307962894439697,
9,34,67,head_3,recovery,-0.03125,-0.03257298469543457,4572,TGCAGC,1.896484375,872,AGGTGC,2.2265625,872,AGGTGC,2.2265625,2395,CTCTTN,0.02055218257009983,565,ACTACN,0.06040067970752716,565,ACTACN,0.06040067970752716,False,False,True,-0.0024550259113311768,
10,0,67,head_3,recovery,0.0068359375,0.016155540943145752,4572,TGCAGC,1.8994140625,872,AGGTGC,2.212890625,872,AGGTGC,2.212890625,2395,CTCTTN,0.020932281389832497,565,ACTACN,0.05740037187933922,565,ACTACN,0.05740037187933922,False,False,True,-9.739398956298828e-05,
10,1,67,head_3,recovery,0.0068359375,0.015701353549957275,4572,TGCAGC,1.8994140625,872,AGGTGC,2.212890625,872,AGGTGC,2.212890625,2395,CTCTTN,0.020890604704618454,565,ACTACN,0.057390205562114716,565,ACTACN,0.057390205562114716,False,False,True,-0.0003604292869567871,
10,2,67,head_3,recovery,0.0087890625,-0.00043261051177978516,4572,TGCAGC,1.8984375,872,AGGTGC,2.2109375,872,AGGTGC,2.2109375,2395,CTCTTN,0.020875146612524986,565,ACTACN,0.05849399417638779,565,ACTACN,0.05849399417638779,False,False,True,-0.0001544952392578125,
10,3,67,head_3,recovery,0.00244140625,0.0025339722633361816,4572,TGCAGC,1.8994140625,872,AGGTGC,2.21484375,872,AGGTGC,2.21484375,2395,CTCTTN,0.020824622362852097,565,ACTACN,0.05823766812682152,565,ACTACN,0.05823766812682152,False,False,True,2.2739171981811523e-05,
10,4,67,head_3,recovery,0.0,-0.00290524959564209,4572,TGCAGC,1.896484375,872,AGGTGC,2.212890625,872,AGGTGC,2.212890625,2395,CTCTTN,0.020776521414518356,565,ACTACN,0.058566901832818985,565,ACTACN,0.058566901832818985,False,False,True,0.0004362761974334717,
10,5,67,head_3,recovery,-0.001953125,-0.004635453224182129,4572,TGCAGC,1.8955078125,872,AGGTGC,2.212890625,872,AGGTGC,2.212890625,2395,CTCTTN,0.0208297036588192,565,ACTACN,0.05874011293053627,565,ACTACN,0.05874011293053627,False,False,True,0.0007202625274658203,
10,6,67,head_3,recovery,0.00439453125,0.010386943817138672,4572,TGCAGC,1.896484375,872,AGGTGC,2.2109375,872,AGGTGC,2.2109375,2395,CTCTTN,0.02092643268406391,565,ACTACN,0.05779470130801201,565,ACTACN,0.05779470130801201,False,False,True,0.00039336085319519043,
10,7,67,head_3,recovery,-0.001953125,0.015371322631835938,4572,TGCAGC,1.8935546875,872,AGGTGC,2.2109375,872,AGGTGC,2.2109375,2395,CTCTTN,0.020964516326785088,565,ACTACN,0.05748701095581055,565,ACTACN,0.05748701095581055,False,False,True,0.00024443864822387695,
10,8,67,head_3,recovery,-0.013671875,0.023261845111846924,4572,TGCAGC,1.88671875,872,AGGTGC,2.208984375,872,AGGTGC,2.208984375,2395,CTCTTN,0.021074259653687477,565,ACTACN,0.05704936385154724,565,ACTACN,0.05704936385154724,False,False,True,-0.0004474520683288574,
10,9,67,head_3,recovery,-0.013671875,0.0065871477127075195,4572,TGCAGC,1.892578125,872,AGGTGC,2.21484375,872,AGGTGC,2.21484375,2395,CTCTTN,0.020776502788066864,565,ACTACN,0.05790837109088898,565,ACTACN,0.05790837109088898,False,False,True,-0.0003234744071960449,
10,10,67,head_3,recovery,-0.0263671875,0.022279679775238037,4572,TGCAGC,1.8828125,872,AGGTGC,2.2109375,872,AGGTGC,2.2109375,2395,CTCTTN,0.020950032398104668,565,ACTACN,0.0569932758808136,565,ACTACN,0.0569932758808136,False,False,True,1.7940998077392578e-05,
10,11,67,head_3,recovery,-0.015625,0.01623523235321045,4572,TGCAGC,1.8896484375,872,AGGTGC,2.212890625,872,AGGTGC,2.212890625,2395,CTCTTN,0.02089947834610939,565,ACTACN,0.057362038642168045,565,ACTACN,0.057362038642168045,False,False,True,0.000907212495803833,
10,12,67,head_3,recovery,-0.029296875,0.010076582431793213,4572,TGCAGC,1.8798828125,872,AGGTGC,2.208984375,872,AGGTGC,2.208984375,2395,CTCTTN,0.02075890079140663,565,ACTACN,0.05764869973063469,565,ACTACN,0.05764869973063469,False,False,True,0.0011858642101287842,
10,13,67,head_3,recovery,-0.0263671875,0.0016695261001586914,4572,TGCAGC,1.88671875,872,AGGTGC,2.21484375,872,AGGTGC,2.21484375,2395,CTCTTN,0.0207253098487854,565,ACTACN,0.05819832533597946,565,ACTACN,0.05819832533597946,False,False,True,0.0014957785606384277,
10,14,67,head_3,recovery,-0.03515625,0.010521888732910156,4572,TGCAGC,1.8828125,872,AGGTGC,2.21484375,872,AGGTGC,2.21484375,2395,CTCTTN,0.020830806344747543,565,ACTACN,0.05768971890211105,565,ACTACN,0.05768971890211105,False,False,True,0.0006565451622009277,
10,15,67,head_3,recovery,-0.0693359375,-0.022118091583251953,4572,TGCAGC,1.8740234375,872,AGGTGC,2.220703125,872,AGGTGC,2.220703125,2395,CTCTTN,0.020355086773633957,565,ACTACN,0.05947829782962799,565,ACTACN,0.05947829782962799,False,False,True,-0.001948326826095581,
10,16,67,head_3,recovery,-0.0576171875,-0.02459275722503662,4572,TGCAGC,1.8828125,872,AGGTGC,2.224609375,872,AGGTGC,2.224609375,2395,CTCTTN,0.020262906327843666,565,ACTACN,0.05955779552459717,565,ACTACN,0.05955779552459717,False,False,True,-0.003778308629989624,
10,17,67,head_3,recovery,-0.01953125,-0.01796412467956543,4572,TGCAGC,1.8955078125,872,AGGTGC,2.220703125,872,AGGTGC,2.220703125,2395,CTCTTN,0.020773446187376976,565,ACTACN,0.059608496725559235,565,ACTACN,0.059608496725559235,False,False,True,-0.005726218223571777,
10,18,67,head_3,recovery,0.02001953125,0.016090333461761475,4572,TGCAGC,1.9052734375,872,AGGTGC,2.212890625,872,AGGTGC,2.212890625,2395,CTCTTN,0.02133883908390999,565,ACTACN,0.05781145393848419,565,ACTACN,0.05781145393848419,False,False,True,-0.0027715563774108887,
10,19,67,head_3,recovery,0.02685546875,0.023010969161987305,4572,TGCAGC,1.90625,872,AGGTGC,2.2109375,872,AGGTGC,2.2109375,2395,CTCTTN,0.021547939628362656,565,ACTACN,0.05754045024514198,565,ACTACN,0.05754045024514198,False,False,True,-0.0007834732532501221,
10,20,67,head_3,recovery,0.00439453125,0.012823879718780518,4572,TGCAGC,1.890625,872,AGGTGC,2.205078125,872,AGGTGC,2.205078125,2395,CTCTTN,0.02112526446580887,565,ACTACN,0.05782448127865791,565,ACTACN,0.05782448127865791,False,False,True,0.0018141865730285645,
10,21,67,head_3,recovery,-0.001953125,0.010732769966125488,4572,TGCAGC,1.8935546875,872,AGGTGC,2.2109375,872,AGGTGC,2.2109375,2395,CTCTTN,0.021077262237668037,565,ACTACN,0.05792153999209404,565,ACTACN,0.05792153999209404,False,False,True,0.001623779535293579,
10,22,67,head_3,recovery,-0.015625,0.017552614212036133,4572,TGCAGC,1.9033203125,872,AGGTGC,2.2265625,872,AGGTGC,2.2265625,2395,CTCTTN,0.020793147385120392,565,ACTACN,0.05716431885957718,565,ACTACN,0.05716431885957718,False,False,True,0.00019037723541259766,
10,23,67,head_3,recovery,0.017578125,0.010377943515777588,4572,TGCAGC,1.9140625,872,AGGTGC,2.22265625,872,AGGTGC,2.22265625,2395,CTCTTN,0.020443953573703766,565,ACTACN,0.057312849909067154,565,ACTACN,0.057312849909067154,False,False,True,-0.0007200539112091064,
10,24,67,head_3,recovery,-0.0048828125,0.006727337837219238,4572,TGCAGC,1.91015625,872,AGGTGC,2.228515625,872,AGGTGC,2.228515625,2395,CTCTTN,0.02045554295182228,565,ACTACN,0.05757768824696541,565,ACTACN,0.05757768824696541,False,False,True,-0.0012103617191314697,
10,25,67,head_3,recovery,-0.017578125,0.019340991973876953,4572,TGCAGC,1.8984375,872,AGGTGC,2.22265625,872,AGGTGC,2.22265625,2395,CTCTTN,0.02091425471007824,565,ACTACN,0.0571613609790802,565,ACTACN,0.0571613609790802,False,False,True,-0.001280456781387329,
10,26,67,head_3,recovery,-0.0537109375,0.010314881801605225,4572,TGCAGC,1.888671875,872,AGGTGC,2.228515625,872,AGGTGC,2.228515625,2395,CTCTTN,0.02083095721900463,565,ACTACN,0.057704221457242966,565,ACTACN,0.057704221457242966,False,False,True,-0.0010944902896881104,
10,27,67,head_3,recovery,-0.0244140625,-0.00344240665435791,4572,TGCAGC,1.8935546875,872,AGGTGC,2.220703125,872,AGGTGC,2.220703125,2395,CTCTTN,0.02066674269735813,565,ACTACN,0.058494385331869125,565,ACTACN,0.058494385331869125,False,False,True,-0.0011218786239624023,
10,28,67,head_3,recovery,-0.048828125,0.0032746195793151855,4572,TGCAGC,1.8828125,872,AGGTGC,2.220703125,872,AGGTGC,2.220703125,2395,CTCTTN,0.020797016099095345,565,ACTACN,0.05815868452191353,565,ACTACN,0.05815868452191353,False,False,True,0.0014590024948120117,
10,29,67,head_3,recovery,-0.1044921875,-0.0074852705001831055,4572,TGCAGC,1.8798828125,872,AGGTGC,2.2421875,872,AGGTGC,2.2421875,2395,CTCTTN,0.01942320168018341,565,ACTACN,0.05753130093216896,565,ACTACN,0.05753130093216896,False,False,True,0.0011868476867675781,
10,30,67,head_3,recovery,-0.1064453125,0.001537621021270752,4572,TGCAGC,1.875,872,AGGTGC,2.23828125,872,AGGTGC,2.23828125,2395,CTCTTN,0.019532527774572372,565,ACTACN,0.05701468884944916,565,ACTACN,0.05701468884944916,False,False,True,0.0015273988246917725,
10,31,67,head_3,recovery,-0.0625,-0.031128406524658203,4572,TGCAGC,1.896484375,872,AGGTGC,2.240234375,872,AGGTGC,2.240234375,2395,CTCTTN,0.019480781629681587,565,ACTACN,0.05922906473278999,565,ACTACN,0.05922906473278999,False,False,True,-0.0011969506740570068,
10,32,67,head_3,recovery,-0.0107421875,-0.00036787986755371094,4572,TGCAGC,1.9052734375,872,AGGTGC,2.2265625,872,AGGTGC,2.2265625,2395,CTCTTN,0.02084050141274929,565,ACTACN,0.058454856276512146,565,ACTACN,0.058454856276512146,False,False,True,-0.0008777379989624023,
10,33,67,head_3,recovery,0.01318359375,0.0023122429847717285,4572,TGCAGC,1.904296875,872,AGGTGC,2.21484375,872,AGGTGC,2.21484375,2395,CTCTTN,0.02090013027191162,565,ACTACN,0.05832855775952339,565,ACTACN,0.05832855775952339,False,False,True,-0.0008343756198883057,
10,34,67,head_3,recovery,0.0087890625,0.0026715993881225586,4572,TGCAGC,1.904296875,872,AGGTGC,2.216796875,872,AGGTGC,2.216796875,2395,CTCTTN,0.02080349251627922,565,ACTACN,0.058206990361213684,565,ACTACN,0.058206990361213684,False,False,True,-0.0005864202976226807,
11,0,67,head_3,recovery,-0.017578125,0.0017040371894836426,4572,TGCAGC,1.89453125,872,AGGTGC,2.21875,872,AGGTGC,2.21875,2395,CTCTTN,0.020826976746320724,565,ACTACN,0.05829760059714317,565,ACTACN,0.05829760059714317,False,False,True,0.0005022585391998291,
11,1,67,head_3,recovery,-0.029296875,-0.004033565521240234,4572,TGCAGC,1.8935546875,872,AGGTGC,2.22265625,872,AGGTGC,2.22265625,2395,CTCTTN,0.020842213183641434,565,ACTACN,0.05871086195111275,565,ACTACN,0.05871086195111275,False,False,True,0.0006494522094726562,
11,2,67,head_3,recovery,-0.0068359375,-0.0005167722702026367,4572,TGCAGC,1.8955078125,872,AGGTGC,2.21484375,872,AGGTGC,2.21484375,2395,CTCTTN,0.02080426551401615,565,ACTACN,0.05842895433306694,565,ACTACN,0.05842895433306694,False,False,True,0.00034609436988830566,
11,3,67,head_3,recovery,-0.0068359375,-0.0001163482666015625,4572,TGCAGC,1.8955078125,872,AGGTGC,2.21484375,872,AGGTGC,2.21484375,2395,CTCTTN,0.020693635568022728,565,ACTACN,0.05829054117202759,565,ACTACN,0.05829054117202759,False,False,True,0.00018480420112609863,
11,4,67,head_3,recovery,-0.0048828125,0.003069937229156494,4572,TGCAGC,1.892578125,872,AGGTGC,2.2109375,872,AGGTGC,2.2109375,2395,CTCTTN,0.02068481221795082,565,ACTACN,0.05806067958474159,565,ACTACN,0.05806067958474159,False,False,True,-0.0003076791763305664,
11,5,67,head_3,recovery,-0.013671875,4.589557647705078e-06,4572,TGCAGC,1.892578125,872,AGGTGC,2.21484375,872,AGGTGC,2.21484375,2395,CTCTTN,0.020740985870361328,565,ACTACN,0.0583295039832592,565,ACTACN,0.0583295039832592,False,False,True,-0.00019243359565734863,
11,6,67,head_3,recovery,-0.001953125,-0.028240442276000977,4572,TGCAGC,1.8896484375,872,AGGTGC,2.20703125,872,AGGTGC,2.20703125,2395,CTCTTN,0.020439215004444122,565,ACTACN,0.05998716130852699,565,ACTACN,0.05998716130852699,False,False,True,-0.0003922581672668457,
11,7,67,head_3,recovery,-0.013671875,-0.030308246612548828,4572,TGCAGC,1.88671875,872,AGGTGC,2.208984375,872,AGGTGC,2.208984375,2395,CTCTTN,0.02043379470705986,565,ACTACN,0.06012518331408501,565,ACTACN,0.06012518331408501,False,False,True,4.461407661437988e-05,
11,8,67,head_3,recovery,-0.0224609375,-0.010003209114074707,4572,TGCAGC,1.875,872,AGGTGC,2.201171875,872,AGGTGC,2.201171875,2395,CTCTTN,0.020565083250403404,565,ACTACN,0.05884786322712898,565,ACTACN,0.05884786322712898,False,False,True,-0.0001551508903503418,
11,9,67,head_3,recovery,-0.015625,0.008967697620391846,4572,TGCAGC,1.8798828125,872,AGGTGC,2.203125,872,AGGTGC,2.203125,2395,CTCTTN,0.02071760594844818,565,ACTACN,0.05768433213233948,565,ACTACN,0.05768433213233948,False,False,True,0.0017738044261932373,
11,10,67,head_3,recovery,-0.03125,0.014801323413848877,4572,TGCAGC,1.87109375,872,AGGTGC,2.201171875,872,AGGTGC,2.201171875,2395,CTCTTN,0.02072632685303688,565,ACTACN,0.057288363575935364,565,ACTACN,0.057288363575935364,False,False,True,0.0014873743057250977,
11,11,67,head_3,recovery,-0.013671875,0.003767073154449463,4572,TGCAGC,1.884765625,872,AGGTGC,2.20703125,872,AGGTGC,2.20703125,2395,CTCTTN,0.020767144858837128,565,ACTACN,0.058094654232263565,565,ACTACN,0.058094654232263565,False,False,True,0.0015989243984222412,
11,12,67,head_3,recovery,-0.0087890625,0.011390328407287598,4572,TGCAGC,1.884765625,872,AGGTGC,2.205078125,872,AGGTGC,2.205078125,2395,CTCTTN,0.021078458055853844,565,ACTACN,0.05787711963057518,565,ACTACN,0.05787711963057518,False,False,True,0.002806425094604492,
11,13,67,head_3,recovery,0.01318359375,0.015245318412780762,4572,TGCAGC,1.896484375,872,AGGTGC,2.20703125,872,AGGTGC,2.20703125,2395,CTCTTN,0.021117303520441055,565,ACTACN,0.057648539543151855,565,ACTACN,0.057648539543151855,False,False,True,0.001304328441619873,
11,14,67,head_3,recovery,0.0087890625,0.0059986114501953125,4572,TGCAGC,1.90234375,872,AGGTGC,2.21484375,872,AGGTGC,2.21484375,2395,CTCTTN,0.02094305492937565,565,ACTACN,0.058115750551223755,565,ACTACN,0.058115750551223755,False,False,True,0.0001531839370727539,
11,15,67,head_3,recovery,-0.017578125,0.020867466926574707,4572,TGCAGC,1.908203125,872,AGGTGC,2.232421875,872,AGGTGC,2.232421875,2395,CTCTTN,0.02090996503829956,565,ACTACN,0.05705117806792259,565,ACTACN,0.05705117806792259,False,False,True,-0.014836639165878296,
11,16,67,head_3,recovery,-0.0419921875,0.03958624601364136,4572,TGCAGC,1.9091796875,872,AGGTGC,2.244140625,872,AGGTGC,2.244140625,2395,CTCTTN,0.02105105295777321,565,ACTACN,0.055893704295158386,565,ACTACN,0.055893704295158386,False,False,True,-0.015437930822372437,
11,17,67,head_3,recovery,-0.115234375,0.09378999471664429,4572,TGCAGC,1.900390625,872,AGGTGC,2.267578125,872,AGGTGC,2.267578125,2395,CTCTTN,0.021007347851991653,565,ACTACN,0.05208975449204445,565,ACTACN,0.05208975449204445,False,False,True,-0.005918234586715698,
11,18,67,head_3,recovery,-0.11328125,0.0824616551399231,4572,TGCAGC,1.8935546875,872,AGGTGC,2.259765625,872,AGGTGC,2.259765625,2395,CTCTTN,0.020987868309020996,565,ACTACN,0.05285614728927612,565,ACTACN,0.05285614728927612,False,False,True,0.007711350917816162,
11,19,67,head_3,recovery,-0.0732421875,0.07448679208755493,4572,TGCAGC,1.8837890625,872,AGGTGC,2.232421875,872,AGGTGC,2.232421875,2395,CTCTTN,0.021171722561120987,565,ACTACN,0.053593236953020096,565,ACTACN,0.053593236953020096,False,False,True,0.007127642631530762,
11,20,67,head_3,recovery,0.06884765625,0.08054941892623901,4572,TGCAGC,1.8896484375,872,AGGTGC,2.17578125,872,AGGTGC,2.17578125,2395,CTCTTN,0.022443315014243126,565,ACTACN,0.05444424971938133,565,ACTACN,0.05444424971938133,False,False,True,0.0013003349304199219,
11,21,67,head_3,recovery,0.08447265625,0.06481015682220459,4572,TGCAGC,1.892578125,872,AGGTGC,2.171875,872,AGGTGC,2.171875,2395,CTCTTN,0.02233695238828659,565,ACTACN,0.05542976036667824,565,ACTACN,0.05542976036667824,False,False,True,0.0006327927112579346,
11,22,67,head_3,recovery,0.06689453125,0.05282646417617798,4572,TGCAGC,1.892578125,872,AGGTGC,2.1796875,872,AGGTGC,2.1796875,2395,CTCTTN,0.021977918222546577,565,ACTACN,0.055902060121297836,565,ACTACN,0.055902060121297836,False,False,True,0.00017386674880981445,
11,23,67,head_3,recovery,0.02001953125,-0.010130643844604492,4572,TGCAGC,1.9052734375,872,AGGTGC,2.212890625,872,AGGTGC,2.212890625,2395,CTCTTN,0.021008843556046486,565,ACTACN,0.059300463646650314,565,ACTACN,0.059300463646650314,False,False,True,-0.003382444381713867,
11,24,67,head_3,recovery,0.03125,-0.007168769836425781,4572,TGCAGC,1.908203125,872,AGGTGC,2.2109375,872,AGGTGC,2.2109375,2395,CTCTTN,0.02110840566456318,565,ACTACN,0.05919455364346504,565,ACTACN,0.05919455364346504,False,False,True,-0.002535998821258545,
11,25,67,head_3,recovery,0.033203125,-0.0067577362060546875,4572,TGCAGC,1.9091796875,872,AGGTGC,2.2109375,872,AGGTGC,2.2109375,2395,CTCTTN,0.0211970005184412,565,ACTACN,0.059254635125398636,565,ACTACN,0.059254635125398636,False,False,True,-0.0012992918491363525,
11,26,67,head_3,recovery,0.01318359375,0.00038063526153564453,4572,TGCAGC,1.900390625,872,AGGTGC,2.2109375,872,AGGTGC,2.2109375,2395,CTCTTN,0.021157080307602882,565,ACTACN,0.058719512075185776,565,ACTACN,0.058719512075185776,False,False,True,-0.0001290440559387207,
11,27,67,head_3,recovery,-0.0048828125,0.005065321922302246,4572,TGCAGC,1.89453125,872,AGGTGC,2.212890625,872,AGGTGC,2.212890625,2395,CTCTTN,0.021120814606547356,565,ACTACN,0.05835825949907303,565,ACTACN,0.05835825949907303,False,False,True,-0.0004239082336425781,
11,28,67,head_3,recovery,-0.013671875,0.008533358573913574,4572,TGCAGC,1.892578125,872,AGGTGC,2.21484375,872,AGGTGC,2.21484375,2395,CTCTTN,0.020582210272550583,565,ACTACN,0.05757906660437584,565,ACTACN,0.05757906660437584,False,False,True,-2.8908252716064453e-06,
11,29,67,head_3,recovery,-0.0419921875,0.023014307022094727,4572,TGCAGC,1.8837890625,872,AGGTGC,2.21875,872,AGGTGC,2.21875,2395,CTCTTN,0.021154889836907387,565,ACTACN,0.05714717134833336,565,ACTACN,0.05714717134833336,False,False,True,-0.0003166496753692627,
11,30,67,head_3,recovery,-0.046875,0.032490313053131104,4572,TGCAGC,1.8935546875,872,AGGTGC,2.23046875,872,AGGTGC,2.23046875,2395,CTCTTN,0.021116109564900398,565,ACTACN,0.056451018899679184,565,ACTACN,0.056451018899679184,False,False,True,-0.0005254447460174561,
11,31,67,head_3,recovery,-0.0244140625,0.07283133268356323,4572,TGCAGC,1.9052734375,872,AGGTGC,2.232421875,872,AGGTGC,2.232421875,2395,CTCTTN,0.021831123158335686,565,ACTACN,0.05436747893691063,565,ACTACN,0.05436747893691063,False,False,True,-0.0013488829135894775,
11,32,67,head_3,recovery,-0.0048828125,0.053722083568573,4572,TGCAGC,1.919921875,872,AGGTGC,2.23828125,872,AGGTGC,2.23828125,2395,CTCTTN,0.021405156701803207,565,ACTACN,0.05526716634631157,565,ACTACN,0.05526716634631157,False,False,True,-0.0009059607982635498,
11,33,67,head_3,recovery,-0.033203125,0.030061542987823486,4572,TGCAGC,1.8994140625,872,AGGTGC,2.23046875,872,AGGTGC,2.23046875,2395,CTCTTN,0.02118682488799095,565,ACTACN,0.05669021978974342,565,ACTACN,0.05669021978974342,False,False,True,-0.0008437633514404297,
11,34,67,head_3,recovery,-0.048828125,-0.01813340187072754,4572,TGCAGC,1.8828125,872,AGGTGC,2.220703125,872,AGGTGC,2.220703125,2395,CTCTTN,0.020986972376704216,565,ACTACN,0.05983376502990723,565,ACTACN,0.05983376502990723,False,False,True,-0.000317990779876709,
12,0,67,head_3,recovery,0.015625,0.00609976053237915,4572,TGCAGC,1.8994140625,872,AGGTGC,2.208984375,872,AGGTGC,2.208984375,2395,CTCTTN,0.02098062075674534,565,ACTACN,0.05814630165696144,565,ACTACN,0.05814630165696144,False,False,True,-0.001178056001663208,
12,1,67,head_3,recovery,0.0068359375,0.009458303451538086,4572,TGCAGC,1.8994140625,872,AGGTGC,2.212890625,872,AGGTGC,2.212890625,2395,CTCTTN,0.02109847031533718,565,ACTACN,0.05803116038441658,565,ACTACN,0.05803116038441658,False,False,True,-0.0015981793403625488,
12,2,67,head_3,recovery,-0.0048828125,0.006632030010223389,4572,TGCAGC,1.8984375,872,AGGTGC,2.216796875,872,AGGTGC,2.216796875,2395,CTCTTN,0.021039031445980072,565,ACTACN,0.05816778168082237,565,ACTACN,0.05816778168082237,False,False,True,-0.0006767809391021729,
12,3,67,head_3,recovery,-0.0087890625,-0.001647353172302246,4572,TGCAGC,1.896484375,872,AGGTGC,2.216796875,872,AGGTGC,2.216796875,2395,CTCTTN,0.020945752039551735,565,ACTACN,0.058648861944675446,565,ACTACN,0.058648861944675446,False,False,True,-0.0005025565624237061,
12,4,67,head_3,recovery,-0.0107421875,-0.005512714385986328,4572,TGCAGC,1.8955078125,872,AGGTGC,2.216796875,872,AGGTGC,2.216796875,2395,CTCTTN,0.020855247974395752,565,ACTACN,0.0588265098631382,565,ACTACN,0.0588265098631382,False,False,True,-0.0005267560482025146,
12,5,67,head_3,recovery,0.0,-0.011497974395751953,4572,TGCAGC,1.89453125,872,AGGTGC,2.2109375,872,AGGTGC,2.2109375,2395,CTCTTN,0.020833134651184082,565,ACTACN,0.0592196062207222,565,ACTACN,0.0592196062207222,False,False,True,-0.0006791353225708008,
12,6,67,head_3,recovery,0.01123046875,-0.020682811737060547,4572,TGCAGC,1.9033203125,872,AGGTGC,2.21484375,872,AGGTGC,2.21484375,2395,CTCTTN,0.020908094942569733,565,ACTACN,0.059931736439466476,565,ACTACN,0.059931736439466476,False,False,True,-0.002000868320465088,
12,7,67,head_3,recovery,0.017578125,-0.021195054054260254,4572,TGCAGC,1.908203125,872,AGGTGC,2.216796875,872,AGGTGC,2.216796875,2395,CTCTTN,0.020926155149936676,565,ACTACN,0.05998534336686134,565,ACTACN,0.05998534336686134,False,False,True,-0.0022107064723968506,
12,8,67,head_3,recovery,0.0087890625,-0.030500411987304688,4572,TGCAGC,1.912109375,872,AGGTGC,2.224609375,872,AGGTGC,2.224609375,2395,CTCTTN,0.020762454718351364,565,ACTACN,0.06046716868877411,565,ACTACN,0.06046716868877411,False,False,True,-0.0032740235328674316,
12,9,67,head_3,recovery,-0.0068359375,-0.012736320495605469,4572,TGCAGC,1.9033203125,872,AGGTGC,2.22265625,872,AGGTGC,2.22265625,2395,CTCTTN,0.020785188302397728,565,ACTACN,0.059257570654153824,565,ACTACN,0.059257570654153824,False,False,True,-0.0024409890174865723,
12,10,67,head_3,recovery,-0.0224609375,-0.01452338695526123,4572,TGCAGC,1.900390625,872,AGGTGC,2.2265625,872,AGGTGC,2.2265625,2395,CTCTTN,0.02056954987347126,565,ACTACN,0.05916590243577957,565,ACTACN,0.05916590243577957,False,False,True,-0.0022753775119781494,
12,11,67,head_3,recovery,-0.0107421875,0.0014172792434692383,4572,TGCAGC,1.9033203125,872,AGGTGC,2.224609375,872,AGGTGC,2.224609375,2395,CTCTTN,0.02069425769150257,565,ACTACN,0.05818477272987366,565,ACTACN,0.05818477272987366,False,False,True,-0.0009041726589202881,
12,12,67,head_3,recovery,-0.017578125,-0.0031839609146118164,4572,TGCAGC,1.90625,872,AGGTGC,2.23046875,872,AGGTGC,2.23046875,2395,CTCTTN,0.020746896043419838,565,ACTACN,0.05855661258101463,565,ACTACN,0.05855661258101463,False,False,True,-0.0026971399784088135,
12,13,67,head_3,recovery,-0.0087890625,-0.0032706260681152344,4572,TGCAGC,1.904296875,872,AGGTGC,2.224609375,872,AGGTGC,2.224609375,2395,CTCTTN,0.02091287449002266,565,ACTACN,0.05872860550880432,565,ACTACN,0.05872860550880432,False,False,True,-0.002050936222076416,
12,14,67,head_3,recovery,-0.0048828125,-0.0060939788818359375,4572,TGCAGC,1.908203125,872,AGGTGC,2.2265625,872,AGGTGC,2.2265625,2395,CTCTTN,0.020862597972154617,565,ACTACN,0.05887418985366821,565,ACTACN,0.05887418985366821,False,False,True,-0.0016616284847259521,
12,15,67,head_3,recovery,0.00439453125,0.022120296955108643,4572,TGCAGC,1.89453125,872,AGGTGC,2.208984375,872,AGGTGC,2.208984375,2395,CTCTTN,0.021444974467158318,565,ACTACN,0.057499274611473083,565,ACTACN,0.057499274611473083,False,False,True,-0.00010216236114501953,
12,16,67,head_3,recovery,0.0068359375,0.03592348098754883,4572,TGCAGC,1.8896484375,872,AGGTGC,2.203125,872,AGGTGC,2.203125,2395,CTCTTN,0.021449407562613487,565,ACTACN,0.056546151638031006,565,ACTACN,0.056546151638031006,False,False,True,0.00016668438911437988,
12,17,67,head_3,recovery,0.01318359375,0.04264861345291138,4572,TGCAGC,1.884765625,872,AGGTGC,2.1953125,872,AGGTGC,2.1953125,2395,CTCTTN,0.021830352023243904,565,ACTACN,0.05646055191755295,565,ACTACN,0.05646055191755295,False,False,True,-0.010090500116348267,
12,18,67,head_3,recovery,0.0087890625,0.015910029411315918,4572,TGCAGC,1.88671875,872,AGGTGC,2.19921875,872,AGGTGC,2.19921875,2395,CTCTTN,0.021258633583784103,565,ACTACN,0.057743754237890244,565,ACTACN,0.057743754237890244,False,False,True,-0.009532004594802856,
12,19,67,head_3,recovery,0.0068359375,-0.004664182662963867,4572,TGCAGC,1.8857421875,872,AGGTGC,2.19921875,872,AGGTGC,2.19921875,2395,CTCTTN,0.021259745582938194,565,ACTACN,0.059172146022319794,565,ACTACN,0.059172146022319794,False,False,True,-0.012108862400054932,
12,20,67,head_3,recovery,-0.013671875,-0.02530956268310547,4572,TGCAGC,1.892578125,872,AGGTGC,2.21484375,872,AGGTGC,2.21484375,2395,CTCTTN,0.02072550170123577,565,ACTACN,0.06007011979818344,565,ACTACN,0.06007011979818344,False,False,True,-0.0018292069435119629,
12,21,67,head_3,recovery,-0.013671875,-0.022397398948669434,4572,TGCAGC,1.896484375,872,AGGTGC,2.21875,872,AGGTGC,2.21875,2395,CTCTTN,0.02068551443517208,565,ACTACN,0.05982811003923416,565,ACTACN,0.05982811003923416,False,False,True,-0.0014986991882324219,
12,22,67,head_3,recovery,0.01123046875,-0.021837711334228516,4572,TGCAGC,1.9052734375,872,AGGTGC,2.216796875,872,AGGTGC,2.216796875,2395,CTCTTN,0.02081659436225891,565,ACTACN,0.05992036685347557,565,ACTACN,0.05992036685347557,False,False,True,-0.0003924369812011719,
12,23,67,head_3,recovery,0.01318359375,-0.028397440910339355,4572,TGCAGC,1.91796875,872,AGGTGC,2.228515625,872,AGGTGC,2.228515625,2395,CTCTTN,0.020693382248282433,565,ACTACN,0.06025220826268196,565,ACTACN,0.06025220826268196,False,False,True,-0.0027274489402770996,
12,24,67,head_3,recovery,0.01123046875,-0.026979804039001465,4572,TGCAGC,1.9189453125,872,AGGTGC,2.23046875,872,AGGTGC,2.23046875,2395,CTCTTN,0.020617492496967316,565,ACTACN,0.060077980160713196,565,ACTACN,0.060077980160713196,False,False,True,-0.0022294223308563232,
12,25,67,head_3,recovery,0.01318359375,-0.030646085739135742,4572,TGCAGC,1.921875,872,AGGTGC,2.232421875,872,AGGTGC,2.232421875,2395,CTCTTN,0.02047187276184559,565,ACTACN,0.06018669530749321,565,ACTACN,0.06018669530749321,False,False,True,-0.0017439424991607666,
12,26,67,head_3,recovery,0.015625,-0.006231188774108887,4572,TGCAGC,1.9130859375,872,AGGTGC,2.22265625,872,AGGTGC,2.22265625,2395,CTCTTN,0.020735232159495354,565,ACTACN,0.05875634029507637,565,ACTACN,0.05875634029507637,False,False,True,-0.0006861984729766846,
12,27,67,head_3,recovery,0.0224609375,-0.014088273048400879,4572,TGCAGC,1.9140625,872,AGGTGC,2.220703125,872,AGGTGC,2.220703125,2395,CTCTTN,0.020830964669585228,565,ACTACN,0.0593971386551857,565,ACTACN,0.0593971386551857,False,False,True,-0.0007756054401397705,
12,28,67,head_3,recovery,0.017578125,-0.02498328685760498,4572,TGCAGC,1.9296875,872,AGGTGC,2.23828125,872,AGGTGC,2.23828125,2395,CTCTTN,0.020413484424352646,565,ACTACN,0.05973546579480171,565,ACTACN,0.05973546579480171,False,False,True,-0.0007887184619903564,
12,29,67,head_3,recovery,0.03564453125,-0.04621171951293945,4572,TGCAGC,1.96875,872,AGGTGC,2.26953125,872,AGGTGC,2.26953125,2395,CTCTTN,0.020752795040607452,565,ACTACN,0.06154744327068329,565,ACTACN,0.06154744327068329,False,False,True,-0.0017593801021575928,
12,30,67,head_3,recovery,0.0244140625,-0.03652501106262207,4572,TGCAGC,1.9580078125,872,AGGTGC,2.263671875,872,AGGTGC,2.263671875,2395,CTCTTN,0.020918723195791245,565,ACTACN,0.06104138121008873,565,ACTACN,0.06104138121008873,False,False,True,-0.0023947954177856445,
12,31,67,head_3,recovery,0.03564453125,-0.02908957004547119,4572,TGCAGC,1.912109375,872,AGGTGC,2.212890625,872,AGGTGC,2.212890625,2395,CTCTTN,0.02154816873371601,565,ACTACN,0.06115501746535301,565,ACTACN,0.06115501746535301,False,False,True,-0.002069413661956787,
12,32,67,head_3,recovery,0.08447265625,-0.02482450008392334,4572,TGCAGC,1.859375,872,AGGTGC,2.138671875,872,AGGTGC,2.138671875,2395,CTCTTN,0.021605871617794037,565,ACTACN,0.06091684103012085,565,ACTACN,0.06091684103012085,False,False,True,-0.0008986592292785645,
12,33,67,head_3,recovery,0.08642578125,-0.042690396308898926,4572,TGCAGC,1.8662109375,872,AGGTGC,2.14453125,872,AGGTGC,2.14453125,2395,CTCTTN,0.02146049030125141,565,ACTACN,0.062010858207941055,565,ACTACN,0.062010858207941055,False,False,True,-0.00047776103019714355,
12,34,67,head_3,recovery,0.017578125,-0.07937455177307129,4572,TGCAGC,1.8515625,872,AGGTGC,2.16015625,872,AGGTGC,2.16015625,2395,CTCTTN,0.020440207794308662,565,ACTACN,0.06353543698787689,565,ACTACN,0.06353543698787689,False,False,True,0.0007787048816680908,
13,0,67,head_3,recovery,0.0,-0.0031508207321166992,4572,TGCAGC,1.8984375,872,AGGTGC,2.21484375,872,AGGTGC,2.21484375,2395,CTCTTN,0.020871654152870178,565,ACTACN,0.05867907032370567,565,ACTACN,0.05867907032370567,False,False,True,0.00018912553787231445,
13,1,67,head_3,recovery,0.0,1.329183578491211e-05,4572,TGCAGC,1.900390625,872,AGGTGC,2.216796875,872,AGGTGC,2.216796875,2395,CTCTTN,0.02086837776005268,565,ACTACN,0.058456290513277054,565,ACTACN,0.058456290513277054,False,False,True,0.0003407597541809082,
13,2,67,head_3,recovery,-0.0087890625,-0.0013674497604370117,4572,TGCAGC,1.896484375,872,AGGTGC,2.216796875,872,AGGTGC,2.216796875,2395,CTCTTN,0.020908653736114502,565,ACTACN,0.05859234929084778,565,ACTACN,0.05859234929084778,False,False,True,0.00045186281204223633,
13,3,67,head_3,recovery,-0.0087890625,0.002342045307159424,4572,TGCAGC,1.8984375,872,AGGTGC,2.21875,872,AGGTGC,2.21875,2395,CTCTTN,0.020942773669958115,565,ACTACN,0.05836913734674454,565,ACTACN,0.05836913734674454,False,False,True,0.0006872415542602539,
13,4,67,head_3,recovery,-0.0087890625,0.0009678006172180176,4572,TGCAGC,1.8984375,872,AGGTGC,2.21875,872,AGGTGC,2.21875,2395,CTCTTN,0.020884109660983086,565,ACTACN,0.058405809104442596,565,ACTACN,0.058405809104442596,False,False,True,0.0004967749118804932,
13,5,67,head_3,recovery,-0.01953125,0.0003676414489746094,4572,TGCAGC,1.8994140625,872,AGGTGC,2.224609375,872,AGGTGC,2.224609375,2395,CTCTTN,0.020862650126218796,565,ACTACN,0.05842598155140877,565,ACTACN,0.05842598155140877,False,False,True,0.00039070844650268555,
13,6,67,head_3,recovery,-0.0263671875,-0.003896355628967285,4572,TGCAGC,1.896484375,872,AGGTGC,2.224609375,872,AGGTGC,2.224609375,2395,CTCTTN,0.020758312195539474,565,ACTACN,0.058617446571588516,565,ACTACN,0.058617446571588516,False,False,True,0.0005779862403869629,
13,7,67,head_3,recovery,-0.029296875,0.0006582736968994141,4572,TGCAGC,1.8955078125,872,AGGTGC,2.224609375,872,AGGTGC,2.224609375,2395,CTCTTN,0.020824261009693146,565,ACTACN,0.05836742743849754,565,ACTACN,0.05836742743849754,False,False,True,0.00010880827903747559,
13,8,67,head_3,recovery,-0.0224609375,-0.008242964744567871,4572,TGCAGC,1.89453125,872,AGGTGC,2.220703125,872,AGGTGC,2.220703125,2395,CTCTTN,0.020703762769699097,565,ACTACN,0.05886442959308624,565,ACTACN,0.05886442959308624,False,False,True,0.0017004013061523438,
13,9,67,head_3,recovery,-0.0263671875,-0.008788585662841797,4572,TGCAGC,1.892578125,872,AGGTGC,2.220703125,872,AGGTGC,2.220703125,2395,CTCTTN,0.0207125935703516,565,ACTACN,0.05891111120581627,565,ACTACN,0.05891111120581627,False,False,True,0.0020288825035095215,
13,10,67,head_3,recovery,-0.0263671875,-0.019456982612609863,4572,TGCAGC,1.892578125,872,AGGTGC,2.220703125,872,AGGTGC,2.220703125,2395,CTCTTN,0.020457250997424126,565,ACTACN,0.05939586088061333,565,ACTACN,0.05939586088061333,False,False,True,0.003167182207107544,
13,11,67,head_3,recovery,-0.013671875,-0.005231022834777832,4572,TGCAGC,1.896484375,872,AGGTGC,2.21875,872,AGGTGC,2.21875,2395,CTCTTN,0.020583612844347954,565,ACTACN,0.05853533372282982,565,ACTACN,0.05853533372282982,False,False,True,0.002028137445449829,
13,12,67,head_3,recovery,-0.015625,-0.014120340347290039,4572,TGCAGC,1.8955078125,872,AGGTGC,2.21875,872,AGGTGC,2.21875,2395,CTCTTN,0.02058303914964199,565,ACTACN,0.05915142968297005,565,ACTACN,0.05915142968297005,False,False,True,0.0005447566509246826,
13,13,67,head_3,recovery,-0.0068359375,-0.011433005332946777,4572,TGCAGC,1.8994140625,872,AGGTGC,2.21875,872,AGGTGC,2.21875,2395,CTCTTN,0.02074511907994747,565,ACTACN,0.059127092361450195,565,ACTACN,0.059127092361450195,False,False,True,-0.001197218894958496,
13,14,67,head_3,recovery,-0.0068359375,-0.012957930564880371,4572,TGCAGC,1.8994140625,872,AGGTGC,2.21875,872,AGGTGC,2.21875,2395,CTCTTN,0.020668892189860344,565,ACTACN,0.05915664881467819,565,ACTACN,0.05915664881467819,False,False,True,-0.0008216500282287598,
13,15,67,head_3,recovery,0.00439453125,-0.01258242130279541,4572,TGCAGC,1.900390625,872,AGGTGC,2.21484375,872,AGGTGC,2.21484375,2395,CTCTTN,0.02064860425889492,565,ACTACN,0.059110309928655624,565,ACTACN,0.059110309928655624,False,False,True,0.0009857714176177979,
13,16,67,head_3,recovery,0.01123046875,-0.02132248878479004,4572,TGCAGC,1.8955078125,872,AGGTGC,2.20703125,872,AGGTGC,2.20703125,2395,CTCTTN,0.020795615389943123,565,ACTACN,0.059863634407520294,565,ACTACN,0.059863634407520294,False,False,True,0.0015939176082611084,
13,17,67,head_3,recovery,0.00439453125,-0.03658413887023926,4572,TGCAGC,1.890625,872,AGGTGC,2.205078125,872,AGGTGC,2.205078125,2395,CTCTTN,0.021007554605603218,565,ACTACN,0.06113431975245476,565,ACTACN,0.06113431975245476,False,False,True,-0.00653192400932312,
13,18,67,head_3,recovery,-0.0068359375,-0.0376354455947876,4572,TGCAGC,1.8896484375,872,AGGTGC,2.208984375,872,AGGTGC,2.208984375,2395,CTCTTN,0.02112617716193199,565,ACTACN,0.061325863003730774,565,ACTACN,0.061325863003730774,False,False,True,-0.00790327787399292,
13,19,67,head_3,recovery,-0.0068359375,-0.037262797355651855,4572,TGCAGC,1.8955078125,872,AGGTGC,2.21484375,872,AGGTGC,2.21484375,2395,CTCTTN,0.020798778161406517,565,ACTACN,0.06097262352705002,565,ACTACN,0.06097262352705002,False,False,True,-0.00630524754524231,
13,20,67,head_3,recovery,-0.0224609375,-0.030229568481445312,4572,TGCAGC,1.900390625,872,AGGTGC,2.2265625,872,AGGTGC,2.2265625,2395,CTCTTN,0.02049914002418518,565,ACTACN,0.06018507108092308,565,ACTACN,0.06018507108092308,False,False,True,-0.0012600421905517578,
13,21,67,head_3,recovery,-0.0263671875,-0.022432804107666016,4572,TGCAGC,1.89453125,872,AGGTGC,2.22265625,872,AGGTGC,2.22265625,2395,CTCTTN,0.020586306229233742,565,ACTACN,0.05973135679960251,565,ACTACN,0.05973135679960251,False,False,True,-0.0012299418449401855,
13,22,67,head_3,recovery,-0.0263671875,-0.021525263786315918,4572,TGCAGC,1.892578125,872,AGGTGC,2.220703125,872,AGGTGC,2.220703125,2395,CTCTTN,0.020385198295116425,565,ACTACN,0.059467293322086334,565,ACTACN,0.059467293322086334,False,False,True,-0.0010318160057067871,
13,23,67,head_3,recovery,-0.0107421875,-0.009105682373046875,4572,TGCAGC,1.8896484375,872,AGGTGC,2.2109375,872,AGGTGC,2.2109375,2395,CTCTTN,0.02002447284758091,565,ACTACN,0.058244992047548294,565,ACTACN,0.058244992047548294,False,False,True,0.004192709922790527,
13,24,67,head_3,recovery,-0.013671875,-0.00973498821258545,4572,TGCAGC,1.88671875,872,AGGTGC,2.208984375,872,AGGTGC,2.208984375,2395,CTCTTN,0.020007306709885597,565,ACTACN,0.05827147513628006,565,ACTACN,0.05827147513628006,False,False,True,0.004276752471923828,
13,25,67,head_3,recovery,-0.017578125,0.011549890041351318,4572,TGCAGC,1.888671875,872,AGGTGC,2.212890625,872,AGGTGC,2.212890625,2395,CTCTTN,0.02055499330163002,565,ACTACN,0.057342588901519775,565,ACTACN,0.057342588901519775,False,False,True,0.0019101500511169434,
13,26,67,head_3,recovery,-0.0087890625,0.014714241027832031,4572,TGCAGC,1.89453125,872,AGGTGC,2.21484375,872,AGGTGC,2.21484375,2395,CTCTTN,0.02104724757373333,565,ACTACN,0.05761532485485077,565,ACTACN,0.05761532485485077,False,False,True,0.0005624294281005859,
13,27,67,head_3,recovery,-0.0068359375,0.03100961446762085,4572,TGCAGC,1.8994140625,872,AGGTGC,2.21875,872,AGGTGC,2.21875,2395,CTCTTN,0.021426254883408546,565,ACTACN,0.05686388537287712,565,ACTACN,0.05686388537287712,False,False,True,0.0017734169960021973,
13,28,67,head_3,recovery,0.0,-0.02596724033355713,4572,TGCAGC,1.900390625,872,AGGTGC,2.216796875,872,AGGTGC,2.216796875,2395,CTCTTN,0.020649313926696777,565,ACTACN,0.06003955751657486,565,ACTACN,0.06003955751657486,False,False,True,0.0016942322254180908,
13,29,67,head_3,recovery,-0.03515625,-0.034294724464416504,4572,TGCAGC,1.87890625,872,AGGTGC,2.2109375,872,AGGTGC,2.2109375,2395,CTCTTN,0.02166030928492546,565,ACTACN,0.061628248542547226,565,ACTACN,0.061628248542547226,False,False,True,-0.0013005733489990234,
13,30,67,head_3,recovery,-0.033203125,-0.0695033073425293,4572,TGCAGC,1.8798828125,872,AGGTGC,2.2109375,872,AGGTGC,2.2109375,2395,CTCTTN,0.020937960594892502,565,ACTACN,0.06334839761257172,565,ACTACN,0.06334839761257172,False,False,True,-0.0018193721771240234,
13,31,67,head_3,recovery,-0.0048828125,-0.032022953033447266,4572,TGCAGC,1.892578125,872,AGGTGC,2.2109375,872,AGGTGC,2.2109375,2395,CTCTTN,0.020914744585752487,565,ACTACN,0.06072508171200752,565,ACTACN,0.06072508171200752,False,False,True,-0.0013431310653686523,
13,32,67,head_3,recovery,-0.01953125,-0.01630556583404541,4572,TGCAGC,1.8935546875,872,AGGTGC,2.21875,872,AGGTGC,2.21875,2395,CTCTTN,0.020259292796254158,565,ACTACN,0.05897928401827812,565,ACTACN,0.05897928401827812,False,False,True,-0.0003387033939361572,
13,33,67,head_3,recovery,-0.0244140625,0.001784682273864746,4572,TGCAGC,1.8896484375,872,AGGTGC,2.216796875,872,AGGTGC,2.216796875,2395,CTCTTN,0.021067524328827858,565,ACTACN,0.05853255093097687,565,ACTACN,0.05853255093097687,False,False,True,0.00012451410293579102,
13,34,67,head_3,recovery,-0.0576171875,0.03678780794143677,4572,TGCAGC,1.880859375,872,AGGTGC,2.22265625,872,AGGTGC,2.22265625,2395,CTCTTN,0.022007184103131294,565,ACTACN,0.05704396218061447,565,ACTACN,0.05704396218061447,False,False,True,0.00019910931587219238,
14,0,67,head_3,recovery,-0.0087890625,-0.0022226572036743164,4572,TGCAGC,1.896484375,872,AGGTGC,2.216796875,872,AGGTGC,2.216796875,2395,CTCTTN,0.02082476019859314,565,ACTACN,0.05856778100132942,565,ACTACN,0.05856778100132942,False,False,True,2.524256706237793e-05,
14,1,67,head_3,recovery,-0.0087890625,-0.0013527870178222656,4572,TGCAGC,1.896484375,872,AGGTGC,2.216796875,872,AGGTGC,2.216796875,2395,CTCTTN,0.020817579701542854,565,ACTACN,0.0585002601146698,565,ACTACN,0.0585002601146698,False,False,True,-0.00018227100372314453,
14,2,67,head_3,recovery,-0.0048828125,8.26716423034668e-05,4572,TGCAGC,1.896484375,872,AGGTGC,2.21484375,872,AGGTGC,2.21484375,2395,CTCTTN,0.020866695791482925,565,ACTACN,0.058449793606996536,565,ACTACN,0.058449793606996536,False,False,True,-0.000749737024307251,
14,3,67,head_3,recovery,-0.001953125,-0.0038472414016723633,4572,TGCAGC,1.8935546875,872,AGGTGC,2.2109375,872,AGGTGC,2.2109375,2395,CTCTTN,0.02084348537027836,565,ACTACN,0.05869921296834946,565,ACTACN,0.05869921296834946,False,False,True,-0.00043144822120666504,
14,4,67,head_3,recovery,-0.0068359375,-0.01026928424835205,4572,TGCAGC,1.8994140625,872,AGGTGC,2.21875,872,AGGTGC,2.21875,2395,CTCTTN,0.02079225704073906,565,ACTACN,0.05909349396824837,565,ACTACN,0.05909349396824837,False,False,True,0.00017967820167541504,
14,5,67,head_3,recovery,0.00244140625,0.00017195940017700195,4572,TGCAGC,1.8994140625,872,AGGTGC,2.21484375,872,AGGTGC,2.21484375,2395,CTCTTN,0.020717406645417213,565,ACTACN,0.05829431489109993,565,ACTACN,0.05829431489109993,False,False,True,-0.0002474486827850342,
14,6,67,head_3,recovery,0.00439453125,0.0020470619201660156,4572,TGCAGC,1.8984375,872,AGGTGC,2.212890625,872,AGGTGC,2.212890625,2395,CTCTTN,0.020832538604736328,565,ACTACN,0.0582793653011322,565,ACTACN,0.0582793653011322,False,False,True,-0.0006510913372039795,
14,7,67,head_3,recovery,0.0,0.004784345626831055,4572,TGCAGC,1.8984375,872,AGGTGC,2.21484375,872,AGGTGC,2.21484375,2395,CTCTTN,0.020862367004156113,565,ACTACN,0.05811930447816849,565,ACTACN,0.05811930447816849,False,False,True,-0.0008435249328613281,
14,8,67,head_3,recovery,-0.0263671875,-0.0029908418655395508,4572,TGCAGC,1.890625,872,AGGTGC,2.21875,872,AGGTGC,2.21875,2395,CTCTTN,0.0209477748721838,565,ACTACN,0.058744095265865326,565,ACTACN,0.058744095265865326,False,False,True,-0.0008964836597442627,
14,9,67,head_3,recovery,-0.0380859375,-0.004078507423400879,4572,TGCAGC,1.8896484375,872,AGGTGC,2.22265625,872,AGGTGC,2.22265625,2395,CTCTTN,0.02076622098684311,565,ACTACN,0.058637991547584534,565,ACTACN,0.058637991547584534,False,False,True,0.0008400678634643555,
14,10,67,head_3,recovery,-0.046875,-0.01422119140625,4572,TGCAGC,1.8857421875,872,AGGTGC,2.22265625,872,AGGTGC,2.22265625,2395,CTCTTN,0.02078021876513958,565,ACTACN,0.059355609118938446,565,ACTACN,0.059355609118938446,False,False,True,0.0004166066646575928,
14,11,67,head_3,recovery,-0.01953125,-0.01257932186126709,4572,TGCAGC,1.8896484375,872,AGGTGC,2.21484375,872,AGGTGC,2.21484375,2395,CTCTTN,0.02079249545931816,565,ACTACN,0.059253986924886703,565,ACTACN,0.059253986924886703,False,False,True,0.0003002583980560303,
14,12,67,head_3,recovery,-0.0224609375,-0.02267754077911377,4572,TGCAGC,1.890625,872,AGGTGC,2.216796875,872,AGGTGC,2.216796875,2395,CTCTTN,0.020757200196385384,565,ACTACN,0.05991922318935394,565,ACTACN,0.05991922318935394,False,False,True,-0.00039821863174438477,
14,13,67,head_3,recovery,-0.015625,-0.01748836040496826,4572,TGCAGC,1.9052734375,872,AGGTGC,2.228515625,872,AGGTGC,2.228515625,2395,CTCTTN,0.02076113410294056,565,ACTACN,0.059563178569078445,565,ACTACN,0.059563178569078445,False,False,True,-0.0018359124660491943,
14,14,67,head_3,recovery,-0.01953125,-0.018956899642944336,4572,TGCAGC,1.9052734375,872,AGGTGC,2.23046875,872,AGGTGC,2.23046875,2395,CTCTTN,0.020741712301969528,565,ACTACN,0.0596456341445446,565,ACTACN,0.0596456341445446,False,False,True,-0.003059178590774536,
14,15,67,head_3,recovery,-0.013671875,-0.023233890533447266,4572,TGCAGC,1.90234375,872,AGGTGC,2.224609375,872,AGGTGC,2.224609375,2395,CTCTTN,0.020592505112290382,565,ACTACN,0.05979312211275101,565,ACTACN,0.05979312211275101,False,False,True,-0.00521397590637207,
14,16,67,head_3,recovery,-0.0068359375,-0.021093368530273438,4572,TGCAGC,1.8935546875,872,AGGTGC,2.212890625,872,AGGTGC,2.212890625,2395,CTCTTN,0.020527401939034462,565,ACTACN,0.05957953259348869,565,ACTACN,0.05957953259348869,False,False,True,0.0004743337631225586,
14,17,67,head_3,recovery,-0.017578125,-0.026538968086242676,4572,TGCAGC,1.90625,872,AGGTGC,2.23046875,872,AGGTGC,2.23046875,2395,CTCTTN,0.020250460132956505,565,ACTACN,0.05968036130070686,565,ACTACN,0.05968036130070686,False,False,True,0.00818738341331482,
14,18,67,head_3,recovery,-0.0263671875,-0.012435078620910645,4572,TGCAGC,1.908203125,872,AGGTGC,2.236328125,872,AGGTGC,2.236328125,2395,CTCTTN,0.020445920526981354,565,ACTACN,0.05889740586280823,565,ACTACN,0.05889740586280823,False,False,True,0.01201280951499939,
14,19,67,head_3,recovery,-0.044921875,-0.011233925819396973,4572,TGCAGC,1.91015625,872,AGGTGC,2.24609375,872,AGGTGC,2.24609375,2395,CTCTTN,0.020188549533486366,565,ACTACN,0.05855670943856239,565,ACTACN,0.05855670943856239,False,False,True,0.0043125152587890625,
14,20,67,head_3,recovery,-0.0400390625,-0.0036516189575195312,4572,TGCAGC,1.900390625,872,AGGTGC,2.234375,872,AGGTGC,2.234375,2395,CTCTTN,0.02042309381067753,565,ACTACN,0.05826525017619133,565,ACTACN,0.05826525017619133,False,False,True,4.273653030395508e-05,
14,21,67,head_3,recovery,-0.029296875,-0.0013947486877441406,4572,TGCAGC,1.9033203125,872,AGGTGC,2.232421875,872,AGGTGC,2.232421875,2395,CTCTTN,0.02053723856806755,565,ACTACN,0.058222826570272446,565,ACTACN,0.058222826570272446,False,False,True,-0.002391338348388672,
14,22,67,head_3,recovery,-0.0087890625,-0.0038580894470214844,4572,TGCAGC,1.8984375,872,AGGTGC,2.21875,872,AGGTGC,2.21875,2395,CTCTTN,0.02074999175965786,565,ACTACN,0.05860647186636925,565,ACTACN,0.05860647186636925,False,False,True,0.0007745027542114258,
14,23,67,head_3,recovery,0.0,-0.007477283477783203,4572,TGCAGC,1.896484375,872,AGGTGC,2.212890625,872,AGGTGC,2.212890625,2395,CTCTTN,0.020869361236691475,565,ACTACN,0.058976911008358,565,ACTACN,0.058976911008358,False,False,True,-0.00011792778968811035,
14,24,67,head_3,recovery,-0.0068359375,-0.005480647087097168,4572,TGCAGC,1.8994140625,872,AGGTGC,2.21875,872,AGGTGC,2.21875,2395,CTCTTN,0.020871784538030624,565,ACTACN,0.05884082242846489,565,ACTACN,0.05884082242846489,False,False,True,-0.00025027990341186523,
14,25,67,head_3,recovery,-0.0537109375,-0.03625369071960449,4572,TGCAGC,1.890625,872,AGGTGC,2.23046875,872,AGGTGC,2.23046875,2395,CTCTTN,0.020890478044748306,565,ACTACN,0.06099431589245796,565,ACTACN,0.06099431589245796,False,False,True,-0.003060758113861084,
14,26,67,head_3,recovery,-0.06640625,-0.0352635383605957,4572,TGCAGC,1.890625,872,AGGTGC,2.236328125,872,AGGTGC,2.236328125,2395,CTCTTN,0.02083583176136017,565,ACTACN,0.060870975255966187,565,ACTACN,0.060870975255966187,False,False,True,-0.005515992641448975,
14,27,67,head_3,recovery,-0.09375,-0.04748940467834473,4572,TGCAGC,1.892578125,872,AGGTGC,2.25,872,AGGTGC,2.25,2395,CTCTTN,0.020925765857100487,565,ACTACN,0.06180904805660248,565,ACTACN,0.06180904805660248,False,False,True,-0.005276083946228027,
14,28,67,head_3,recovery,-0.0712890625,-0.014376401901245117,4572,TGCAGC,1.890625,872,AGGTGC,2.23828125,872,AGGTGC,2.23828125,2395,CTCTTN,0.02137843333184719,565,ACTACN,0.05996459722518921,565,ACTACN,0.05996459722518921,False,False,True,-0.0028283894062042236,
14,29,67,head_3,recovery,-0.0537109375,0.0037575960159301758,4572,TGCAGC,1.90234375,872,AGGTGC,2.2421875,872,AGGTGC,2.2421875,2395,CTCTTN,0.021929970011115074,565,ACTACN,0.05925813317298889,565,ACTACN,0.05925813317298889,False,False,True,-0.0012460947036743164,
14,30,67,head_3,recovery,0.03125,-0.0013633966445922852,4572,TGCAGC,1.9140625,872,AGGTGC,2.216796875,872,AGGTGC,2.216796875,2395,CTCTTN,0.021450623869895935,565,ACTACN,0.059134043753147125,565,ACTACN,0.059134043753147125,False,False,True,-0.0008676052093505859,
14,31,67,head_3,recovery,0.2265625,0.0855337381362915,4572,TGCAGC,1.982421875,872,AGGTGC,2.19921875,872,AGGTGC,2.19921875,2395,CTCTTN,0.02172235958278179,565,ACTACN,0.05337752029299736,565,ACTACN,0.05337752029299736,False,False,True,-0.001368105411529541,
14,32,67,head_3,recovery,0.208984375,0.12920397520065308,4572,TGCAGC,1.990234375,872,AGGTGC,2.21484375,872,AGGTGC,2.21484375,2395,CTCTTN,0.021821031346917152,565,ACTACN,0.05044668912887573,565,ACTACN,0.05044668912887573,False,False,True,-0.0009805858135223389,
14,33,67,head_3,recovery,0.1953125,0.1313307285308838,4572,TGCAGC,1.994140625,872,AGGTGC,2.224609375,872,AGGTGC,2.224609375,2395,CTCTTN,0.022050363942980766,565,ACTACN,0.05052848532795906,565,ACTACN,0.05052848532795906,False,False,True,-0.0013666152954101562,
14,34,67,head_3,recovery,0.015625,0.04325348138809204,4572,TGCAGC,1.9248046875,872,AGGTGC,2.234375,872,AGGTGC,2.234375,2395,CTCTTN,0.021528612822294235,565,ACTACN,0.05611685663461685,565,ACTACN,0.05611685663461685,False,False,True,-0.0010043978691101074,
15,0,67,head_3,recovery,-0.0068359375,-0.00039589405059814453,4572,TGCAGC,1.8994140625,872,AGGTGC,2.21875,872,AGGTGC,2.21875,2395,CTCTTN,0.020876705646514893,565,ACTACN,0.058493003249168396,565,ACTACN,0.058493003249168396,False,False,True,-0.000357210636138916,
15,1,67,head_3,recovery,-0.0107421875,-0.0035556554794311523,4572,TGCAGC,1.8994140625,872,AGGTGC,2.220703125,872,AGGTGC,2.220703125,2395,CTCTTN,0.020887158811092377,565,ACTACN,0.05872265622019768,565,ACTACN,0.05872265622019768,False,False,True,-0.0004774630069732666,
15,2,67,head_3,recovery,0.0,-0.00278317928314209,4572,TGCAGC,1.90234375,872,AGGTGC,2.21875,872,AGGTGC,2.21875,2395,CTCTTN,0.02087734453380108,565,ACTACN,0.058659255504608154,565,ACTACN,0.058659255504608154,False,False,True,-0.00026938319206237793,
15,3,67,head_3,recovery,0.00244140625,-0.002733469009399414,4572,TGCAGC,1.8994140625,872,AGGTGC,2.21484375,872,AGGTGC,2.21484375,2395,CTCTTN,0.020856166258454323,565,ACTACN,0.05863462761044502,565,ACTACN,0.05863462761044502,False,False,True,-0.0005375146865844727,
15,4,67,head_3,recovery,0.00244140625,-3.635883331298828e-05,4572,TGCAGC,1.8994140625,872,AGGTGC,2.21484375,872,AGGTGC,2.21484375,2395,CTCTTN,0.020891107618808746,565,ACTACN,0.058482471853494644,565,ACTACN,0.058482471853494644,False,False,True,-0.0003955662250518799,
15,5,67,head_3,recovery,0.00439453125,0.002260565757751465,4572,TGCAGC,1.900390625,872,AGGTGC,2.21484375,872,AGGTGC,2.21484375,2395,CTCTTN,0.020916061475872993,565,ACTACN,0.05834807828068733,565,ACTACN,0.05834807828068733,False,False,True,-0.0006059408187866211,
15,6,67,head_3,recovery,0.01318359375,-0.00017189979553222656,4572,TGCAGC,1.900390625,872,AGGTGC,2.2109375,872,AGGTGC,2.2109375,2395,CTCTTN,0.02090030163526535,565,ACTACN,0.05850106105208397,565,ACTACN,0.05850106105208397,False,False,True,-0.00047594308853149414,
15,7,67,head_3,recovery,0.01318359375,0.0016549229621887207,4572,TGCAGC,1.900390625,872,AGGTGC,2.2109375,872,AGGTGC,2.2109375,2395,CTCTTN,0.020872939378023148,565,ACTACN,0.05834696441888809,565,ACTACN,0.05834696441888809,False,False,True,-8.916854858398438e-05,
15,8,67,head_3,recovery,0.0,-0.0017637014389038086,4572,TGCAGC,1.89453125,872,AGGTGC,2.2109375,872,AGGTGC,2.2109375,2395,CTCTTN,0.020721709355711937,565,ACTACN,0.05843289569020271,565,ACTACN,0.05843289569020271,False,False,True,-0.0004474520683288574,
15,9,67,head_3,recovery,-0.015625,-0.0029518604278564453,4572,TGCAGC,1.8935546875,872,AGGTGC,2.216796875,872,AGGTGC,2.216796875,2395,CTCTTN,0.020708685740828514,565,ACTACN,0.05850230157375336,565,ACTACN,0.05850230157375336,False,False,True,-0.0007265210151672363,
15,10,67,head_3,recovery,-0.0224609375,-0.009916186332702637,4572,TGCAGC,1.892578125,872,AGGTGC,2.21875,872,AGGTGC,2.21875,2395,CTCTTN,0.020534861832857132,565,ACTACN,0.05881160870194435,565,ACTACN,0.05881160870194435,False,False,True,-0.0007406771183013916,
15,11,67,head_3,recovery,-0.013671875,-0.008479714393615723,4572,TGCAGC,1.896484375,872,AGGTGC,2.21875,872,AGGTGC,2.21875,2395,CTCTTN,0.020706333220005035,565,ACTACN,0.0588834211230278,565,ACTACN,0.0588834211230278,False,False,True,0.00030609965324401855,
15,12,67,head_3,recovery,-0.001953125,-0.008706331253051758,4572,TGCAGC,1.8955078125,872,AGGTGC,2.212890625,872,AGGTGC,2.212890625,2395,CTCTTN,0.02075929194688797,565,ACTACN,0.05895210802555084,565,ACTACN,0.05895210802555084,False,False,True,-0.0005020201206207275,
15,13,67,head_3,recovery,0.0,0.0027256011962890625,4572,TGCAGC,1.8984375,872,AGGTGC,2.21484375,872,AGGTGC,2.21484375,2395,CTCTTN,0.021053899079561234,565,ACTACN,0.05845365300774574,565,ACTACN,0.05845365300774574,False,False,True,0.00014483928680419922,
15,14,67,head_3,recovery,-0.0048828125,0.0010079741477966309,4572,TGCAGC,1.896484375,872,AGGTGC,2.21484375,872,AGGTGC,2.21484375,2395,CTCTTN,0.021010056138038635,565,ACTACN,0.05852896347641945,565,ACTACN,0.05852896347641945,False,False,True,0.0014660954475402832,
15,15,67,head_3,recovery,0.0087890625,-0.0014090538024902344,4572,TGCAGC,1.900390625,872,AGGTGC,2.212890625,872,AGGTGC,2.212890625,2395,CTCTTN,0.020931603386998177,565,ACTACN,0.05861818790435791,565,ACTACN,0.05861818790435791,False,False,True,-0.0006187558174133301,
15,16,67,head_3,recovery,0.01318359375,-0.005271553993225098,4572,TGCAGC,1.90234375,872,AGGTGC,2.212890625,872,AGGTGC,2.212890625,2395,CTCTTN,0.020831773057579994,565,ACTACN,0.0587863028049469,565,ACTACN,0.0587863028049469,False,False,True,0.0019896328449249268,
15,17,67,head_3,recovery,0.015625,0.003866910934448242,4572,TGCAGC,1.8994140625,872,AGGTGC,2.208984375,872,AGGTGC,2.208984375,2395,CTCTTN,0.02103690803050995,565,ACTACN,0.05835748091340065,565,ACTACN,0.05835748091340065,False,False,True,3.3974647521972656e-05,
15,18,67,head_3,recovery,0.0087890625,0.00655364990234375,4572,TGCAGC,1.896484375,872,AGGTGC,2.208984375,872,AGGTGC,2.208984375,2395,CTCTTN,0.02112230472266674,565,ACTACN,0.05825649946928024,565,ACTACN,0.05825649946928024,False,False,True,0.0025680959224700928,
15,19,67,head_3,recovery,0.01318359375,0.022576093673706055,4572,TGCAGC,1.900390625,872,AGGTGC,2.2109375,872,AGGTGC,2.2109375,2395,CTCTTN,0.021308256313204765,565,ACTACN,0.057330936193466187,565,ACTACN,0.057330936193466187,False,False,True,-0.0016116499900817871,
15,20,67,head_3,recovery,-0.0107421875,0.012217283248901367,4572,TGCAGC,1.9052734375,872,AGGTGC,2.2265625,872,AGGTGC,2.2265625,2395,CTCTTN,0.021327972412109375,565,ACTACN,0.058069270104169846,565,ACTACN,0.058069270104169846,False,False,True,-0.005926787853240967,
15,21,67,head_3,recovery,-0.0087890625,0.013876199722290039,4572,TGCAGC,1.904296875,872,AGGTGC,2.224609375,872,AGGTGC,2.224609375,2395,CTCTTN,0.02136714942753315,565,ACTACN,0.05799335986375809,565,ACTACN,0.05799335986375809,False,False,True,-0.006218314170837402,
15,22,67,head_3,recovery,-0.017578125,-0.0013719797134399414,4572,TGCAGC,1.8984375,872,AGGTGC,2.22265625,872,AGGTGC,2.22265625,2395,CTCTTN,0.02115231566131115,565,ACTACN,0.05883632227778435,565,ACTACN,0.05883632227778435,False,False,True,-0.006332188844680786,
15,23,67,head_3,recovery,0.0,0.005528867244720459,4572,TGCAGC,1.8984375,872,AGGTGC,2.21484375,872,AGGTGC,2.21484375,2395,CTCTTN,0.021273065358400345,565,ACTACN,0.058478355407714844,565,ACTACN,0.058478355407714844,False,False,True,-0.003262162208557129,
15,24,67,head_3,recovery,-0.0107421875,0.0030292272567749023,4572,TGCAGC,1.8955078125,872,AGGTGC,2.216796875,872,AGGTGC,2.216796875,2395,CTCTTN,0.021294493228197098,565,ACTACN,0.0586731843650341,565,ACTACN,0.0586731843650341,False,False,True,-0.0032063722610473633,
15,25,67,head_3,recovery,0.00439453125,0.024516642093658447,4572,TGCAGC,1.90234375,872,AGGTGC,2.216796875,872,AGGTGC,2.216796875,2395,CTCTTN,0.02152266539633274,565,ACTACN,0.05741072818636894,565,ACTACN,0.05741072818636894,False,False,True,-0.0008108615875244141,
15,26,67,head_3,recovery,-0.0068359375,0.024875223636627197,4572,TGCAGC,1.8994140625,872,AGGTGC,2.21875,872,AGGTGC,2.21875,2395,CTCTTN,0.021505119279026985,565,ACTACN,0.05736830085515976,565,ACTACN,0.05736830085515976,False,False,True,-0.0005457103252410889,
15,27,67,head_3,recovery,-0.0263671875,0.02523738145828247,4572,TGCAGC,1.900390625,872,AGGTGC,2.228515625,872,AGGTGC,2.228515625,2395,CTCTTN,0.02096656896173954,565,ACTACN,0.056804630905389786,565,ACTACN,0.056804630905389786,False,False,True,-0.0005109906196594238,
15,28,67,head_3,recovery,-0.0537109375,0.016775965690612793,4572,TGCAGC,1.900390625,872,AGGTGC,2.240234375,872,AGGTGC,2.240234375,2395,CTCTTN,0.020649660378694534,565,ACTACN,0.05707470700144768,565,ACTACN,0.05707470700144768,False,False,True,-0.0022160708904266357,
15,29,67,head_3,recovery,-0.0419921875,0.015262901782989502,4572,TGCAGC,1.9033203125,872,AGGTGC,2.23828125,872,AGGTGC,2.23828125,2395,CTCTTN,0.020370827987790108,565,ACTACN,0.056900836527347565,565,ACTACN,0.056900836527347565,False,False,True,-0.0015986263751983643,
15,30,67,head_3,recovery,-0.0263671875,0.026903152465820312,4572,TGCAGC,1.916015625,872,AGGTGC,2.244140625,872,AGGTGC,2.244140625,2395,CTCTTN,0.02079971507191658,565,ACTACN,0.05652221664786339,565,ACTACN,0.05652221664786339,False,False,True,-0.0011557936668395996,
15,31,67,head_3,recovery,-0.0224609375,0.037488579750061035,4572,TGCAGC,1.916015625,872,AGGTGC,2.2421875,872,AGGTGC,2.2421875,2395,CTCTTN,0.021564414724707603,565,ACTACN,0.05655257776379585,565,ACTACN,0.05655257776379585,False,False,True,-0.00104445219039917,
15,32,67,head_3,recovery,-0.142578125,0.024809718132019043,4572,TGCAGC,1.90234375,872,AGGTGC,2.28125,872,AGGTGC,2.28125,2395,CTCTTN,0.021152321249246597,565,ACTACN,0.057020045816898346,565,ACTACN,0.057020045816898346,False,False,True,-0.0006524920463562012,
15,33,67,head_3,recovery,-0.130859375,0.009883999824523926,4572,TGCAGC,1.9052734375,872,AGGTGC,2.279296875,872,AGGTGC,2.279296875,2395,CTCTTN,0.02070366032421589,565,ACTACN,0.05760681629180908,3992,TACTGC,0.057737935334444046,False,False,True,-0.0009556114673614502,
15,34,67,head_3,recovery,-0.0732421875,-0.01132667064666748,4572,TGCAGC,1.9150390625,872,AGGTGC,2.263671875,872,AGGTGC,2.263671875,2395,CTCTTN,0.0202503502368927,565,ACTACN,0.05862493813037872,565,ACTACN,0.05862493813037872,False,False,True,-0.0008035898208618164,
16,0,67,head_3,recovery,-0.013671875,-0.002593994140625,4572,TGCAGC,1.896484375,872,AGGTGC,2.21875,872,AGGTGC,2.21875,2395,CTCTTN,0.020831577479839325,565,ACTACN,0.05860036611557007,565,ACTACN,0.05860036611557007,False,False,True,-0.0003663599491119385,
16,1,67,head_3,recovery,-0.017578125,-0.0030766725540161133,4572,TGCAGC,1.896484375,872,AGGTGC,2.220703125,872,AGGTGC,2.220703125,2395,CTCTTN,0.02080027014017105,565,ACTACN,0.05860254168510437,565,ACTACN,0.05860254168510437,False,False,True,-0.0006701052188873291,
16,2,67,head_3,recovery,-0.0087890625,-0.0021398067474365234,4572,TGCAGC,1.8984375,872,AGGTGC,2.21875,872,AGGTGC,2.21875,2395,CTCTTN,0.02085021696984768,565,ACTACN,0.05858749896287918,565,ACTACN,0.05858749896287918,False,False,True,-0.0005869269371032715,
16,3,67,head_3,recovery,-0.0048828125,-0.001598358154296875,4572,TGCAGC,1.8984375,872,AGGTGC,2.216796875,872,AGGTGC,2.216796875,2395,CTCTTN,0.02085859887301922,565,ACTACN,0.05855831503868103,565,ACTACN,0.05855831503868103,False,False,True,-0.0003381669521331787,
16,4,67,head_3,recovery,-0.0048828125,-0.0026772022247314453,4572,TGCAGC,1.8984375,872,AGGTGC,2.216796875,872,AGGTGC,2.216796875,2395,CTCTTN,0.020875753834843636,565,ACTACN,0.05865031108260155,565,ACTACN,0.05865031108260155,False,False,True,-7.811188697814941e-05,
16,5,67,head_3,recovery,-0.0048828125,-0.0019036531448364258,4572,TGCAGC,1.896484375,872,AGGTGC,2.21484375,872,AGGTGC,2.21484375,2395,CTCTTN,0.020899534225463867,565,ACTACN,0.05862043425440788,565,ACTACN,0.05862043425440788,False,False,True,-0.00012251734733581543,
16,6,67,head_3,recovery,-0.0048828125,-0.0011403560638427734,4572,TGCAGC,1.8984375,872,AGGTGC,2.216796875,872,AGGTGC,2.216796875,2395,CTCTTN,0.020870191976428032,565,ACTACN,0.05853813514113426,565,ACTACN,0.05853813514113426,False,False,True,-0.00016257166862487793,
16,7,67,head_3,recovery,-0.0048828125,-0.0011165142059326172,4572,TGCAGC,1.896484375,872,AGGTGC,2.21484375,872,AGGTGC,2.21484375,2395,CTCTTN,0.020875709131360054,565,ACTACN,0.05854199826717377,565,ACTACN,0.05854199826717377,False,False,True,-2.041459083557129e-05,
16,8,67,head_3,recovery,0.01318359375,0.005237996578216553,4572,TGCAGC,1.904296875,872,AGGTGC,2.21484375,872,AGGTGC,2.21484375,2395,CTCTTN,0.02093830518424511,565,ACTACN,0.05816376954317093,565,ACTACN,0.05816376954317093,False,False,True,-3.7848949432373047e-06,
16,9,67,head_3,recovery,0.0068359375,0.003174424171447754,4572,TGCAGC,1.9052734375,872,AGGTGC,2.21875,872,AGGTGC,2.21875,2395,CTCTTN,0.02086574211716652,565,ACTACN,0.058234356343746185,565,ACTACN,0.058234356343746185,False,False,True,0.00030484795570373535,
16,10,67,head_3,recovery,0.01123046875,-0.0006642341613769531,4572,TGCAGC,1.9052734375,872,AGGTGC,2.216796875,872,AGGTGC,2.216796875,2395,CTCTTN,0.020867228507995605,565,ACTACN,0.05850214511156082,565,ACTACN,0.05850214511156082,False,False,True,-0.0005617737770080566,
16,11,67,head_3,recovery,-0.001953125,-0.004783749580383301,4572,TGCAGC,1.8994140625,872,AGGTGC,2.216796875,872,AGGTGC,2.216796875,2395,CTCTTN,0.02078126184642315,565,ACTACN,0.05870195850729942,565,ACTACN,0.05870195850729942,False,False,True,-0.00045627355575561523,
16,12,67,head_3,recovery,0.00439453125,-0.00030422210693359375,4572,TGCAGC,1.900390625,872,AGGTGC,2.21484375,872,AGGTGC,2.21484375,2395,CTCTTN,0.020887549966573715,565,ACTACN,0.05849749222397804,565,ACTACN,0.05849749222397804,False,False,True,0.00012353062629699707,
16,13,67,head_3,recovery,-0.0048828125,-0.0003910064697265625,4572,TGCAGC,1.8984375,872,AGGTGC,2.216796875,872,AGGTGC,2.216796875,2395,CTCTTN,0.020918184891343117,565,ACTACN,0.05853414535522461,565,ACTACN,0.05853414535522461,False,False,True,0.0019271373748779297,
16,14,67,head_3,recovery,-0.0087890625,0.0007535219192504883,4572,TGCAGC,1.8984375,872,AGGTGC,2.21875,872,AGGTGC,2.21875,2395,CTCTTN,0.020918704569339752,565,ACTACN,0.05845526605844498,565,ACTACN,0.05845526605844498,False,False,True,0.006389230489730835,
16,15,67,head_3,recovery,0.0,0.002035200595855713,4572,TGCAGC,1.8984375,872,AGGTGC,2.21484375,872,AGGTGC,2.21484375,2395,CTCTTN,0.020901916548609734,565,ACTACN,0.05834956467151642,565,ACTACN,0.05834956467151642,False,False,True,0.008374184370040894,
16,16,67,head_3,recovery,-0.001953125,0.0018992424011230469,4572,TGCAGC,1.8994140625,872,AGGTGC,2.216796875,872,AGGTGC,2.216796875,2395,CTCTTN,0.020905688405036926,565,ACTACN,0.05836276710033417,565,ACTACN,0.05836276710033417,False,False,True,0.013046026229858398,
16,17,67,head_3,recovery,0.00439453125,-0.001114964485168457,4572,TGCAGC,1.904296875,872,AGGTGC,2.21875,872,AGGTGC,2.21875,2395,CTCTTN,0.02091580256819725,565,ACTACN,0.05858198180794716,565,ACTACN,0.05858198180794716,False,False,True,0.018035560846328735,
16,18,67,head_3,recovery,0.01123046875,-0.000922083854675293,4572,TGCAGC,1.9052734375,872,AGGTGC,2.216796875,872,AGGTGC,2.216796875,2395,CTCTTN,0.020931215956807137,565,ACTACN,0.058584023267030716,565,ACTACN,0.058584023267030716,False,False,True,0.013434171676635742,
16,19,67,head_3,recovery,0.0,-0.0003628730773925781,4572,TGCAGC,1.904296875,872,AGGTGC,2.220703125,872,AGGTGC,2.220703125,2395,CTCTTN,0.020937975496053696,565,ACTACN,0.05855198949575424,565,ACTACN,0.05855198949575424,False,False,True,0.01026463508605957,
16,20,67,head_3,recovery,0.0087890625,0.014967262744903564,4572,TGCAGC,1.91015625,872,AGGTGC,2.22265625,872,AGGTGC,2.22265625,2395,CTCTTN,0.021312179043889046,565,ACTACN,0.05786270275712013,565,ACTACN,0.05786270275712013,False,False,True,-0.0049540698528289795,
16,21,67,head_3,recovery,0.0068359375,0.015275299549102783,4572,TGCAGC,1.9091796875,872,AGGTGC,2.22265625,872,AGGTGC,2.22265625,2395,CTCTTN,0.021290462464094162,565,ACTACN,0.05781961604952812,565,ACTACN,0.05781961604952812,False,False,True,-0.0020961761474609375,
16,22,67,head_3,recovery,0.01318359375,0.012121915817260742,4572,TGCAGC,1.908203125,872,AGGTGC,2.21875,872,AGGTGC,2.21875,2395,CTCTTN,0.02128763124346733,565,ACTACN,0.05803554132580757,565,ACTACN,0.05803554132580757,False,False,True,-0.0035634636878967285,
16,23,67,head_3,recovery,-0.0068359375,-0.010917186737060547,4572,TGCAGC,1.8935546875,872,AGGTGC,2.212890625,872,AGGTGC,2.212890625,2395,CTCTTN,0.02069900371134281,565,ACTACN,0.05904518812894821,565,ACTACN,0.05904518812894821,False,False,True,0.0028335154056549072,
16,24,67,head_3,recovery,-0.001953125,-0.009136438369750977,4572,TGCAGC,1.8935546875,872,AGGTGC,2.2109375,872,AGGTGC,2.2109375,2395,CTCTTN,0.02073885314166546,565,ACTACN,0.05896150320768356,565,ACTACN,0.05896150320768356,False,False,True,0.0017802417278289795,
16,25,67,head_3,recovery,0.01318359375,-0.010158777236938477,4572,TGCAGC,1.8984375,872,AGGTGC,2.208984375,872,AGGTGC,2.208984375,2395,CTCTTN,0.020813073962926865,565,ACTACN,0.05910664424300194,565,ACTACN,0.05910664424300194,False,False,True,0.00044095516204833984,
16,26,67,head_3,recovery,0.017578125,-0.007962346076965332,4572,TGCAGC,1.900390625,872,AGGTGC,2.208984375,872,AGGTGC,2.208984375,2395,CTCTTN,0.02101508341729641,565,ACTACN,0.059156280010938644,565,ACTACN,0.059156280010938644,False,False,True,-0.0004163682460784912,
16,27,67,head_3,recovery,0.02880859375,-0.014198780059814453,4572,TGCAGC,1.8994140625,872,AGGTGC,2.203125,872,AGGTGC,2.203125,2395,CTCTTN,0.021129712462425232,565,ACTACN,0.05970355123281479,565,ACTACN,0.05970355123281479,False,False,True,-0.00018358230590820312,
16,28,67,head_3,recovery,-0.01953125,-0.0007455348968505859,4572,TGCAGC,1.8994140625,872,AGGTGC,2.224609375,872,AGGTGC,2.224609375,2395,CTCTTN,0.02157157100737095,565,ACTACN,0.05921212583780289,565,ACTACN,0.05921212583780289,False,False,True,-0.0003164708614349365,
16,29,67,head_3,recovery,0.02001953125,-0.01264190673828125,4572,TGCAGC,1.9228515625,872,AGGTGC,2.23046875,872,AGGTGC,2.23046875,2395,CTCTTN,0.021674199029803276,565,ACTACN,0.060140036046504974,565,ACTACN,0.060140036046504974,False,False,True,0.00018107891082763672,
16,30,67,head_3,recovery,-0.0087890625,-0.0024663209915161133,4572,TGCAGC,1.9140625,872,AGGTGC,2.234375,872,AGGTGC,2.234375,2395,CTCTTN,0.022025883197784424,565,ACTACN,0.059785813093185425,565,ACTACN,0.059785813093185425,False,False,True,0.000493466854095459,
16,31,67,head_3,recovery,0.09130859375,-0.03301239013671875,4572,TGCAGC,1.9423828125,872,AGGTGC,2.21875,872,AGGTGC,2.21875,2395,CTCTTN,0.02159990184009075,565,ACTACN,0.061478883028030396,565,ACTACN,0.061478883028030396,False,False,True,0.0015100538730621338,
16,32,67,head_3,recovery,0.05322265625,-0.04195380210876465,4572,TGCAGC,1.91015625,872,AGGTGC,2.203125,872,AGGTGC,2.203125,2395,CTCTTN,0.02128014713525772,565,ACTACN,0.061779413372278214,565,ACTACN,0.061779413372278214,False,False,True,0.0009341835975646973,
16,33,67,head_3,recovery,0.12890625,-0.04321718215942383,4572,TGCAGC,1.95703125,872,AGGTGC,2.216796875,872,AGGTGC,2.216796875,2395,CTCTTN,0.020350541919469833,565,ACTACN,0.06093744933605194,565,ACTACN,0.06093744933605194,False,False,True,0.00025576353073120117,
16,34,67,head_3,recovery,0.09765625,0.0007247328758239746,4572,TGCAGC,1.935546875,872,AGGTGC,2.208984375,872,AGGTGC,2.208984375,2395,CTCTTN,0.02120528556406498,565,ACTACN,0.05874384194612503,565,ACTACN,0.05874384194612503,False,False,True,-0.0005505383014678955,
17,0,67,head_3,recovery,0.0,-1.3113021850585938e-06,4572,TGCAGC,1.8984375,872,AGGTGC,2.21484375,872,AGGTGC,2.21484375,2395,CTCTTN,0.020906126126646996,565,ACTACN,0.05849505215883255,565,ACTACN,0.05849505215883255,False,False,True,-0.00023740530014038086,
17,1,67,head_3,recovery,0.0,6.556510925292969e-07,4572,TGCAGC,1.8984375,872,AGGTGC,2.21484375,872,AGGTGC,2.21484375,2395,CTCTTN,0.020906051620841026,565,ACTACN,0.058494843542575836,565,ACTACN,0.058494843542575836,False,False,True,-0.0004359781742095947,
17,2,67,head_3,recovery,0.0,3.4570693969726562e-06,4572,TGCAGC,1.8984375,872,AGGTGC,2.21484375,872,AGGTGC,2.21484375,2395,CTCTTN,0.02090594358742237,565,ACTACN,0.05849454179406166,565,ACTACN,0.05849454179406166,False,False,True,-0.0005709528923034668,
17,3,67,head_3,recovery,0.0,-5.364418029785156e-06,4572,TGCAGC,1.8984375,872,AGGTGC,2.21484375,872,AGGTGC,2.21484375,2395,CTCTTN,0.020905790850520134,565,ACTACN,0.05849500000476837,565,ACTACN,0.05849500000476837,False,False,True,-0.0004387795925140381,
17,4,67,head_3,recovery,0.0,-6.9141387939453125e-06,4572,TGCAGC,1.8984375,872,AGGTGC,2.21484375,872,AGGTGC,2.21484375,2395,CTCTTN,0.02090584672987461,565,ACTACN,0.05849515646696091,565,ACTACN,0.05849515646696091,False,False,True,-0.00035125017166137695,
17,5,67,head_3,recovery,0.0,-1.6689300537109375e-06,4572,TGCAGC,1.8984375,872,AGGTGC,2.21484375,872,AGGTGC,2.21484375,2395,CTCTTN,0.02090613543987274,565,ACTACN,0.05849507823586464,565,ACTACN,0.05849507823586464,False,False,True,-0.0002396106719970703,
17,6,67,head_3,recovery,0.0,-1.3113021850585938e-06,4572,TGCAGC,1.8984375,872,AGGTGC,2.21484375,872,AGGTGC,2.21484375,2395,CTCTTN,0.020906126126646996,565,ACTACN,0.05849505215883255,565,ACTACN,0.05849505215883255,False,False,True,-0.00019094347953796387,
17,7,67,head_3,recovery,0.0,-2.7418136596679688e-06,4572,TGCAGC,1.8984375,872,AGGTGC,2.21484375,872,AGGTGC,2.21484375,2395,CTCTTN,0.02090618386864662,565,ACTACN,0.058495212346315384,565,ACTACN,0.058495212346315384,False,False,True,-0.00018829107284545898,
17,8,67,head_3,recovery,0.0,2.384185791015625e-07,4572,TGCAGC,1.8984375,872,AGGTGC,2.21484375,872,AGGTGC,2.21484375,2395,CTCTTN,0.020905574783682823,565,ACTACN,0.05849439650774002,565,ACTACN,0.05849439650774002,False,False,True,-0.00031316280364990234,
17,9,67,head_3,recovery,0.0,3.993511199951172e-06,4572,TGCAGC,1.8984375,872,AGGTGC,2.21484375,872,AGGTGC,2.21484375,2395,CTCTTN,0.020905429497361183,565,ACTACN,0.05849398672580719,565,ACTACN,0.05849398672580719,False,False,True,-0.0005635321140289307,
17,10,67,head_3,recovery,0.0,4.5299530029296875e-05,4572,TGCAGC,1.8984375,872,AGGTGC,2.21484375,872,AGGTGC,2.21484375,2395,CTCTTN,0.020905325189232826,565,ACTACN,0.058491017669439316,565,ACTACN,0.058491017669439316,False,False,True,-0.0005248486995697021,
17,11,67,head_3,recovery,0.0,7.748603820800781e-07,4572,TGCAGC,1.8984375,872,AGGTGC,2.21484375,872,AGGTGC,2.21484375,2395,CTCTTN,0.020906049758195877,565,ACTACN,0.05849483609199524,565,ACTACN,0.05849483609199524,False,False,True,-0.000595390796661377,
17,12,67,head_3,recovery,0.0,2.980232238769531e-07,4572,TGCAGC,1.8984375,872,AGGTGC,2.21484375,872,AGGTGC,2.21484375,2395,CTCTTN,0.02090507373213768,565,ACTACN,0.05849388986825943,565,ACTACN,0.05849388986825943,False,False,True,-0.0006263554096221924,
17,13,67,head_3,recovery,0.0,-0.00017070770263671875,4572,TGCAGC,1.8984375,872,AGGTGC,2.21484375,872,AGGTGC,2.21484375,2395,CTCTTN,0.020906703546643257,565,ACTACN,0.05850737541913986,565,ACTACN,0.05850737541913986,False,False,True,-0.0006625652313232422,
17,14,67,head_3,recovery,0.0,-0.0002067089080810547,4572,TGCAGC,1.8984375,872,AGGTGC,2.21484375,872,AGGTGC,2.21484375,2395,CTCTTN,0.020906608551740646,565,ACTACN,0.058509789407253265,565,ACTACN,0.058509789407253265,False,False,True,0.000661998987197876,
17,15,67,head_3,recovery,0.0,-0.0004690885543823242,4572,TGCAGC,1.8984375,872,AGGTGC,2.21484375,872,AGGTGC,2.21484375,2395,CTCTTN,0.020908785983920097,565,ACTACN,0.058530163019895554,565,ACTACN,0.058530163019895554,False,False,True,0.0014013051986694336,
17,16,67,head_3,recovery,0.0,-0.0004905462265014648,4572,TGCAGC,1.8984375,872,AGGTGC,2.21484375,872,AGGTGC,2.21484375,2395,CTCTTN,0.02091060020029545,565,ACTACN,0.05853346362709999,565,ACTACN,0.05853346362709999,False,False,True,0.0019438862800598145,
17,17,67,head_3,recovery,0.0,-0.000408172607421875,4572,TGCAGC,1.8984375,872,AGGTGC,2.21484375,872,AGGTGC,2.21484375,2395,CTCTTN,0.02091139741241932,565,ACTACN,0.05852854996919632,565,ACTACN,0.05852854996919632,False,False,True,-0.002787292003631592,
17,18,67,head_3,recovery,0.0,3.6597251892089844e-05,4572,TGCAGC,1.8984375,872,AGGTGC,2.21484375,872,AGGTGC,2.21484375,2395,CTCTTN,0.020906152203679085,565,ACTACN,0.058492448180913925,565,ACTACN,0.058492448180913925,False,False,True,-0.005445808172225952,
17,19,67,head_3,recovery,0.0,-0.0011487007141113281,4572,TGCAGC,1.8984375,872,AGGTGC,2.21484375,872,AGGTGC,2.21484375,2395,CTCTTN,0.020913628861308098,565,ACTACN,0.05858214944601059,565,ACTACN,0.05858214944601059,False,False,True,-0.00915876030921936,
17,20,67,head_3,recovery,0.0,-0.00023686885833740234,4572,TGCAGC,1.8984375,872,AGGTGC,2.21484375,872,AGGTGC,2.21484375,2395,CTCTTN,0.020922668278217316,565,ACTACN,0.05852793529629707,565,ACTACN,0.05852793529629707,False,False,True,-0.00744175910949707,
17,21,67,head_3,recovery,0.0,-0.0005934238433837891,4572,TGCAGC,1.8984375,872,AGGTGC,2.21484375,872,AGGTGC,2.21484375,2395,CTCTTN,0.020928971469402313,565,ACTACN,0.05855897441506386,565,ACTACN,0.05855897441506386,False,False,True,-0.006670534610748291,
17,22,67,head_3,recovery,0.0,1.5676021575927734e-05,4572,TGCAGC,1.8984375,872,AGGTGC,2.21484375,872,AGGTGC,2.21484375,2395,CTCTTN,0.0208970345556736,565,ACTACN,0.05848478153347969,565,ACTACN,0.05848478153347969,False,False,True,-0.003464221954345703,
17,23,67,head_3,recovery,0.0,0.0020835399627685547,4572,TGCAGC,1.8984375,872,AGGTGC,2.21484375,872,AGGTGC,2.21484375,2395,CTCTTN,0.020866787061095238,565,ACTACN,0.05831107869744301,565,ACTACN,0.05831107869744301,False,False,True,-0.0016088485717773438,
17,24,67,head_3,recovery,0.0,0.004742681980133057,4572,TGCAGC,1.8984375,872,AGGTGC,2.21484375,872,AGGTGC,2.21484375,2395,CTCTTN,0.02084660716354847,565,ACTACN,0.058106429874897,565,ACTACN,0.058106429874897,False,False,True,-0.0004271566867828369,
17,25,67,head_3,recovery,0.0,0.01031792163848877,4572,TGCAGC,1.8984375,872,AGGTGC,2.21484375,872,AGGTGC,2.21484375,2395,CTCTTN,0.020797552540898323,565,ACTACN,0.05767061188817024,565,ACTACN,0.05767061188817024,False,False,True,-0.0010214149951934814,
17,26,67,head_3,recovery,0.0,0.012139976024627686,4572,TGCAGC,1.8984375,872,AGGTGC,2.21484375,872,AGGTGC,2.21484375,2395,CTCTTN,0.020740605890750885,565,ACTACN,0.05748726427555084,565,ACTACN,0.05748726427555084,False,False,True,-0.0012359917163848877,
17,27,67,head_3,recovery,0.0,0.02928602695465088,4572,TGCAGC,1.8984375,872,AGGTGC,2.21484375,872,AGGTGC,2.21484375,2395,CTCTTN,0.02062668465077877,565,ACTACN,0.05618388205766678,565,ACTACN,0.05618388205766678,False,False,True,-0.0012752115726470947,
17,28,67,head_3,recovery,0.0,0.03810262680053711,4572,TGCAGC,1.8984375,872,AGGTGC,2.21484375,872,AGGTGC,2.21484375,2395,CTCTTN,0.020899228751659393,565,ACTACN,0.05584479868412018,565,ACTACN,0.05584479868412018,False,False,True,-0.0006807148456573486,
17,29,67,head_3,recovery,0.0,0.0033086538314819336,4572,TGCAGC,1.8984375,872,AGGTGC,2.21484375,872,AGGTGC,2.21484375,2395,CTCTTN,0.021177776157855988,565,ACTACN,0.0585370771586895,565,ACTACN,0.0585370771586895,False,False,True,1.7315149307250977e-05,
17,30,67,head_3,recovery,0.0,-0.01488649845123291,4572,TGCAGC,1.8984375,872,AGGTGC,2.21484375,872,AGGTGC,2.21484375,2395,CTCTTN,0.021065670996904373,565,ACTACN,0.05968721583485603,565,ACTACN,0.05968721583485603,False,False,True,8.091330528259277e-05,
17,31,67,head_3,recovery,0.0,-0.03785574436187744,4572,TGCAGC,1.8984375,872,AGGTGC,2.21484375,872,AGGTGC,2.21484375,2395,CTCTTN,0.020940596237778664,565,ACTACN,0.06115557625889778,565,ACTACN,0.06115557625889778,False,False,True,-0.00015503168106079102,
17,32,67,head_3,recovery,-0.19140625,-0.0030635595321655273,4572,TGCAGC,1.85546875,872,AGGTGC,2.255859375,872,AGGTGC,2.255859375,2395,CTCTTN,0.0212212223559618,565,ACTACN,0.059022583067417145,565,ACTACN,0.059022583067417145,False,False,True,-0.0010113716125488281,
17,33,67,head_3,recovery,-0.19140625,-0.012744545936584473,4572,TGCAGC,1.85546875,872,AGGTGC,2.255859375,872,AGGTGC,2.255859375,2395,CTCTTN,0.02083834446966648,565,ACTACN,0.05931129306554794,565,ACTACN,0.05931129306554794,False,False,True,-0.0007961690425872803,
17,34,67,head_3,recovery,-0.19140625,0.015403211116790771,4572,TGCAGC,1.85546875,872,AGGTGC,2.255859375,872,AGGTGC,2.255859375,2395,CTCTTN,0.021267306059598923,565,ACTACN,0.057787586003541946,565,ACTACN,0.057787586003541946,False,False,True,-0.0005253255367279053,
