Layer,Time_Offset,Target_Timestep,Component,Metric_Mode,Logit_Score,Posteriors_Score,Target_Transition_Prior,Target_String_Prior,Target_Logit,Wrong_Transition_Prior,Wrong_String_Prior,Wrong_Logit,Actual_Argmax_Prior,Actual_String_Prior,Actual_Argmax_Logit,Target_Transition_Post,Target_String_Post,Target_Prob,Wrong_Transition_Post,Wrong_String_Post,Wrong_Prob,Actual_Transition_Post,actual_String_Post,actual_Prob,Is_Target_Logit_Argmax,Is_Target_Prob_Argmax,Should_Decode,Global_MSE_Change,New_String
0,0,36,attn,degradation,0.998046875,0.97194504737854,886,AGTACA,1.373046875,0,AAAAAN,2.0,0,AAAAAN,2.0,4345,TCGCCN,0.04634382575750351,4665,TGGCCN,0.053854189813137054,4665,TGGCCN,0.053854189813137054,False,False,True,-0.0024888142943382263,GCCGCCCCTAACATCGCCCCGCCAAACCACTCGCTT
0,1,36,attn,degradation,0.99462890625,0.9657291173934937,886,AGTACA,1.3759765625,0,AAAAAN,2.0,0,AAAAAN,2.0,4345,TCGCCN,0.04646837338805199,4665,TGGCCN,0.053875476121902466,4665,TGGCCN,0.053875476121902466,False,False,True,-0.0031302087008953094,GCCGCCCCTAACATCGCCCCGCCAAACCACTCGCTT
0,2,36,attn,degradation,1.001953125,1.0111490488052368,886,AGTACA,1.369140625,0,AAAAAN,2.0,0,AAAAAN,2.0,4345,TCGCCN,0.04669472947716713,4665,TGGCCN,0.05485637113451958,4665,TGGCCN,0.05485637113451958,False,False,True,-0.001127772033214569,GCCGCCCCTAACATCGCCCCGCCAAACCACTCGCTT
0,3,36,attn,degradation,0.9990234375,0.9928407073020935,886,AGTACA,1.3720703125,0,AAAAAN,2.0,0,AAAAAN,2.0,4345,TCGCCN,0.04698142781853676,4665,TGGCCN,0.05483892187476158,4665,TGGCCN,0.05483892187476158,False,False,True,-0.00019334256649017334,GCCGCCCCTAACATCGCCCCGCCAAACCACTCGCTT
0,4,36,attn,degradation,0.99462890625,0.9762586355209351,886,AGTACA,1.3759765625,0,AAAAAN,2.0,0,AAAAAN,2.0,4345,TCGCCN,0.04737639054656029,4665,TGGCCN,0.054958414286375046,4665,TGGCCN,0.054958414286375046,False,False,True,6.700307130813599e-05,GCCGCCCCTAACATCGCCCCGCCAAACCACTCGCTT
0,5,36,attn,degradation,0.998046875,0.983765721321106,886,AGTACA,1.373046875,0,AAAAAN,2.0,0,AAAAAN,2.0,4345,TCGCCN,0.04744651913642883,4665,TGGCCN,0.0551532544195652,4665,TGGCCN,0.0551532544195652,False,False,True,-0.0003021135926246643,GCCGCCCCTAACATCGCCCCGCCAAACCACTCGCTT
0,6,36,attn,degradation,0.98388671875,0.9839029312133789,886,AGTACA,1.3857421875,0,AAAAAN,2.0,0,AAAAAN,2.0,4345,TCGCCN,0.047161705791950226,4665,TGGCCN,0.05487072095274925,4665,TGGCCN,0.05487072095274925,False,False,True,-0.0007578544318675995,GCCGCCCCTAACATCGCCCCGCCAAACCACTCGCTT
0,7,36,attn,degradation,0.978515625,0.9675098657608032,886,AGTACA,1.390625,0,AAAAAN,2.0,0,AAAAAN,2.0,4345,TCGCCN,0.04700332507491112,4665,TGGCCN,0.05444001033902168,4665,TGGCCN,0.05444001033902168,False,False,True,-0.0009728521108627319,GCCGCCCCTAACATCGCCCCGCCAAACCACTCGCTT
0,8,36,attn,degradation,0.98388671875,0.9519575238227844,886,AGTACA,1.3857421875,0,AAAAAN,2.0,0,AAAAAN,2.0,4345,TCGCCN,0.04640018939971924,4665,TGGCCN,0.053578510880470276,4665,TGGCCN,0.053578510880470276,False,False,True,-0.0009981021285057068,GCCGCCCCTAACATCGCCCCGCCAAACCACTCGCTT
0,9,36,attn,degradation,0.98828125,0.9951103329658508,886,AGTACA,1.3818359375,0,AAAAAN,2.0,0,AAAAAN,2.0,4345,TCGCCN,0.046468690037727356,4665,TGGCCN,0.05436388775706291,4665,TGGCCN,0.05436388775706291,False,False,True,-0.0004840455949306488,GCCGCCCCTAACATCGCCCCGCCAAACCACTCGCTT
0,10,36,attn,degradation,0.99169921875,0.9812380075454712,886,AGTACA,1.37890625,0,AAAAAN,2.0,0,AAAAAN,2.0,4345,TCGCCN,0.04625723138451576,4665,TGGCCN,0.05392197519540787,4665,TGGCCN,0.05392197519540787,False,False,True,-0.0006806515157222748,GCCGCCCCTAACATCGCCCCGCCAAACCACTCGCTT
0,11,36,attn,degradation,0.99267578125,0.9975171685218811,886,AGTACA,1.3779296875,0,AAAAAN,2.0,0,AAAAAN,2.0,4345,TCGCCN,0.04655720293521881,4665,TGGCCN,0.05449238419532776,4665,TGGCCN,0.05449238419532776,False,False,True,-0.0003858506679534912,GCCGCCCCTAACATCGCCCCGCCAAACCACTCGCTT
0,12,36,attn,degradation,0.99560546875,0.9929947853088379,886,AGTACA,1.375,0,AAAAAN,2.0,0,AAAAAN,2.0,4345,TCGCCN,0.046633996069431305,4665,TGGCCN,0.05449404940009117,4665,TGGCCN,0.05449404940009117,False,False,True,-0.0003895610570907593,GCCGCCCCTAACATCGCCCCGCCAAACCACTCGCTT
0,13,36,attn,degradation,0.99560546875,1.009633183479309,886,AGTACA,1.375,0,AAAAAN,2.0,0,AAAAAN,2.0,4345,TCGCCN,0.046665508300065994,4665,TGGCCN,0.05480196699500084,4665,TGGCCN,0.05480196699500084,False,False,True,-0.00017640739679336548,GCCGCCCCTAACATCGCCCCGCCAAACCACTCGCTT
0,14,36,attn,degradation,0.99560546875,0.98948734998703,886,AGTACA,1.375,0,AAAAAN,2.0,0,AAAAAN,2.0,4345,TCGCCN,0.046598728746175766,4665,TGGCCN,0.05440051481127739,4665,TGGCCN,0.05440051481127739,False,False,True,-6.809085607528687e-05,GCCGCCCCTAACATCGCCCCGCCAAACCACTCGCTT
0,15,36,attn,degradation,1.0,1.0156344175338745,886,AGTACA,1.37109375,0,AAAAAN,2.0,0,AAAAAN,2.0,4345,TCGCCN,0.04636408016085625,4665,TGGCCN,0.05460023507475853,4665,TGGCCN,0.05460023507475853,False,False,True,3.590434789657593e-05,GCCGCCCCTAACATCGCCCCGCCAAACCACTCGCTT
0,16,36,attn,degradation,0.98828125,1.0058449506759644,886,AGTACA,1.3818359375,0,AAAAAN,2.0,0,AAAAAN,2.0,4345,TCGCCN,0.04654845967888832,4665,TGGCCN,0.05462198704481125,4665,TGGCCN,0.05462198704481125,False,False,True,-9.66489315032959e-05,GCCGCCCCTAACATCGCCCCGCCAAACCACTCGCTT
1,0,36,attn,degradation,1.0068359375,0.958167552947998,886,AGTACA,1.365234375,0,AAAAAN,2.0,0,AAAAAN,2.0,4345,TCGCCN,0.04662598669528961,4665,TGGCCN,0.053907472640275955,4665,TGGCCN,0.053907472640275955,False,False,True,-0.004407476633787155,GCCGCCCCTAACATCGCCCCGCCAAACCACTCGCTT
1,1,36,attn,degradation,1.0048828125,0.9008664488792419,886,AGTACA,1.3662109375,0,AAAAAN,2.0,0,AAAAAN,2.0,4345,TCGCCN,0.046819642186164856,4665,TGGCCN,0.05314921215176582,4665,TGGCCN,0.05314921215176582,False,False,True,-0.007414132356643677,GCCGCCCCTAACATCGCCCCGCCAAACCACTCGCTT
1,2,36,attn,degradation,0.99169921875,0.9930651783943176,886,AGTACA,1.37890625,0,AAAAAN,2.0,0,AAAAAN,2.0,4345,TCGCCN,0.046210456639528275,4665,TGGCCN,0.05407167971134186,4665,TGGCCN,0.05407167971134186,False,False,True,-0.002148795872926712,GCCGCCCCTAACATCGCCCCGCCAAACCACTCGCTT
1,3,36,attn,degradation,0.99169921875,0.994465172290802,886,AGTACA,1.37890625,0,AAAAAN,2.0,0,AAAAAN,2.0,4345,TCGCCN,0.046356894075870514,4665,TGGCCN,0.054241374135017395,4665,TGGCCN,0.054241374135017395,False,False,True,-0.000570002943277359,GCCGCCCCTAACATCGCCCCGCCAAACCACTCGCTT
1,4,36,attn,degradation,0.9873046875,0.9894077181816101,886,AGTACA,1.3828125,0,AAAAAN,2.0,0,AAAAAN,2.0,4345,TCGCCN,0.0460951142013073,4665,TGGCCN,0.053895577788352966,4665,TGGCCN,0.053895577788352966,False,False,True,7.61076807975769e-05,GCCGCCCCTAACATCGCCCCGCCAAACCACTCGCTT
1,5,36,attn,degradation,0.98291015625,0.9598886370658875,886,AGTACA,1.38671875,0,AAAAAN,2.0,0,AAAAAN,2.0,4345,TCGCCN,0.04653559997677803,4665,TGGCCN,0.05384567752480507,4665,TGGCCN,0.05384567752480507,False,False,True,-0.0006319954991340637,GCCGCCCCTAACATCGCCCCGCCAAACCACTCGCTT
1,6,36,attn,degradation,0.96826171875,0.9599182605743408,886,AGTACA,1.400390625,0,AAAAAN,2.0,0,AAAAAN,2.0,4345,TCGCCN,0.04744952544569969,4665,TGGCCN,0.05476009473204613,4665,TGGCCN,0.05476009473204613,False,False,True,-0.0010886676609516144,GCCGCCCCTAACATCGCCCCGCCAAACCACTCGCTT
1,7,36,attn,degradation,0.98095703125,0.9615651369094849,886,AGTACA,1.388671875,0,AAAAAN,2.0,0,AAAAAN,2.0,4345,TCGCCN,0.047051213681697845,4665,TGGCCN,0.054389141499996185,4665,TGGCCN,0.054389141499996185,False,False,True,-0.0006675645709037781,GCCGCCCCTAACATCGCCCCGCCAAACCACTCGCTT
1,8,36,attn,degradation,0.9423828125,1.0058971643447876,886,AGTACA,1.423828125,0,AAAAAN,2.0,0,AAAAAN,2.0,4345,TCGCCN,0.04747350141406059,4665,TGGCCN,0.05554789677262306,4665,TGGCCN,0.05554789677262306,False,False,True,-0.0009038709104061127,GCCGCCCCTAACATCGCCCCCGCCAAACCACTCGCTT
1,9,36,attn,degradation,0.96044921875,1.0102565288543701,886,AGTACA,1.4072265625,0,AAAAAN,2.0,0,AAAAAN,2.0,4345,TCGCCN,0.04677294194698334,4665,TGGCCN,0.054919756948947906,4665,TGGCCN,0.054919756948947906,False,False,True,-0.0011226125061511993,GCCGCCCCTAACATCGCCCCCGCCAAACCACTCGCTT
1,10,36,attn,degradation,0.93408203125,1.0198776721954346,886,AGTACA,1.431640625,0,AAAAAN,2.0,0,AAAAAN,2.0,4345,TCGCCN,0.047286633402109146,4665,TGGCCN,0.055593278259038925,4665,TGGCCN,0.055593278259038925,False,False,True,-0.0017447657883167267,GCCGCCCCTAACATCGCCCCCGCCAAACCACTCGCTT
1,11,36,attn,degradation,0.99365234375,0.9771840572357178,886,AGTACA,1.376953125,0,AAAAAN,2.0,0,AAAAAN,2.0,4345,TCGCCN,0.0468449704349041,4665,TGGCCN,0.05444236844778061,4665,TGGCCN,0.05444236844778061,False,False,True,-0.0004590749740600586,GCCGCCCCTAACATCGCCCCGCCAAACCACTCGCTT
1,12,36,attn,degradation,1.0,1.0101083517074585,886,AGTACA,1.37109375,0,AAAAAN,2.0,0,AAAAAN,2.0,4345,TCGCCN,0.046306002885103226,4665,TGGCCN,0.05445035547018051,4665,TGGCCN,0.05445035547018051,False,False,True,9.597837924957275e-05,GCCGCCCCTAACATCGCCCCGCCAAACCACTCGCTT
1,13,36,attn,degradation,0.998046875,1.0285626649856567,886,AGTACA,1.373046875,0,AAAAAN,2.0,0,AAAAAN,2.0,4345,TCGCCN,0.046374525874853134,4665,TGGCCN,0.05482545122504234,4665,TGGCCN,0.05482545122504234,False,False,True,4.0687620639801025e-05,GCCGCCCCTAACATCGCCCCGCCAAACCACTCGCTT
1,14,36,attn,degradation,0.99462890625,0.9528850317001343,886,AGTACA,1.3759765625,0,AAAAAN,2.0,0,AAAAAN,2.0,4345,TCGCCN,0.04714895412325859,4665,TGGCCN,0.05434268340468407,4665,TGGCCN,0.05434268340468407,False,False,True,-0.00014137476682662964,GCCGCCCCTAACATCGCCCCGCCAAACCACTCGCTT
1,15,36,attn,degradation,0.99560546875,0.9924828410148621,886,AGTACA,1.375,0,AAAAAN,2.0,0,AAAAAN,2.0,4345,TCGCCN,0.04665758088231087,4665,TGGCCN,0.054509129375219345,4665,TGGCCN,0.054509129375219345,False,False,True,-8.650124073028564e-06,GCCGCCCCTAACATCGCCCCGCCAAACCACTCGCTT
1,16,36,attn,degradation,0.99462890625,0.9692968726158142,886,AGTACA,1.3759765625,0,AAAAAN,2.0,0,AAAAAN,2.0,4345,TCGCCN,0.04665891453623772,4665,TGGCCN,0.054125286638736725,4665,TGGCCN,0.054125286638736725,False,False,True,-7.748603820800781e-06,GCCGCCCCTAACATCGCCCCGCCAAACCACTCGCTT
2,0,36,attn,degradation,1.0,0.9978887438774109,886,AGTACA,1.37109375,0,AAAAAN,2.0,0,AAAAAN,2.0,4345,TCGCCN,0.04604773223400116,4665,TGGCCN,0.05398908630013466,4665,TGGCCN,0.05398908630013466,False,False,True,-0.0038000494241714478,GCCGCCCCTAACATCGCCCCGCCAAACCACTCGCTT
2,1,36,attn,degradation,1.0068359375,0.9638234972953796,886,AGTACA,1.365234375,0,AAAAAN,2.0,0,AAAAAN,2.0,4345,TCGCCN,0.046611037105321884,4665,TGGCCN,0.053986482322216034,4665,TGGCCN,0.053986482322216034,False,False,True,-0.005102656781673431,GCCGCCCCTAACATCGCCCCGCCAAACCACTCGCTT
2,2,36,attn,degradation,0.9990234375,1.0320264101028442,886,AGTACA,1.3720703125,0,AAAAAN,2.0,0,AAAAAN,2.0,4345,TCGCCN,0.04588524252176285,4665,TGGCCN,0.0543937087059021,4665,TGGCCN,0.0543937087059021,False,False,True,-0.0013169348239898682,GCCGCCCCTAACATCGCCCCGCCAAACCACTCGCTT
2,3,36,attn,degradation,0.99169921875,1.0316251516342163,886,AGTACA,1.37890625,0,AAAAAN,2.0,0,AAAAAN,2.0,4345,TCGCCN,0.04632795974612236,4665,TGGCCN,0.054829761385917664,4665,TGGCCN,0.054829761385917664,False,False,True,-0.00042413920164108276,GCCGCCCCTAACATCGCCCCGCCAAACCACTCGCTT
2,4,36,attn,degradation,0.98388671875,1.0642834901809692,886,AGTACA,1.3857421875,0,AAAAAN,2.0,0,AAAAAN,2.0,4345,TCGCCN,0.04608369991183281,4665,TGGCCN,0.05512803792953491,4665,TGGCCN,0.05512803792953491,False,False,True,-0.0001686587929725647,GCCGCCCCTAACATCGCCCCGCCAAACCACTCGCTT
2,5,36,attn,degradation,0.99560546875,1.1533558368682861,886,AGTACA,1.375,0,AAAAAN,2.0,0,AAAAAN,2.0,4345,TCGCCN,0.045700378715991974,4665,TGGCCN,0.056224431842565536,4665,TGGCCN,0.056224431842565536,False,False,True,-0.0005269795656204224,GCCGCCCCTAACATGGCCCCGCCAAACCACTCGCTT
2,6,36,attn,degradation,0.95947265625,1.0943808555603027,886,AGTACA,1.408203125,0,AAAAAN,2.0,0,AAAAAN,2.0,4345,TCGCCN,0.04613583907485008,4665,TGGCCN,0.05568017065525055,4665,TGGCCN,0.05568017065525055,False,False,True,-0.0015281587839126587,GCCGCCCCTAACATGGCCCCGCCAAACCACTCGCTT
2,7,36,attn,degradation,0.90869140625,1.0270376205444336,886,AGTACA,1.455078125,0,AAAAAN,2.0,0,AAAAAN,2.0,4345,TCGCCN,0.04495551437139511,4665,TGGCCN,0.05338110402226448,4665,TGGCCN,0.05338110402226448,False,False,True,-0.0008864440023899078,GCCGCCCCTAACATGGCCCCGCCAAACCACTCGCTT
2,8,36,attn,degradation,0.81787109375,0.9812920689582825,886,AGTACA,1.5380859375,0,AAAAAN,2.0,0,AAAAAN,2.0,4345,TCGCCN,0.04535580053925514,4665,TGGCCN,0.05302144214510918,4665,TGGCCN,0.05302144214510918,False,False,True,-0.0016161762177944183,GCCGCCCCTAACATCGCCCCCGCCAAACCACTCGCTT
2,9,36,attn,degradation,0.84033203125,1.027849793434143,886,AGTACA,1.517578125,0,AAAAAN,2.0,0,AAAAAN,2.0,4345,TCGCCN,0.04521103948354721,4665,TGGCCN,0.05365012213587761,4665,TGGCCN,0.05365012213587761,False,False,True,-0.0006537474691867828,GCCGCCCCTAACATCGCCCCCGCCAAACCACTCGCTT
2,10,36,attn,degradation,0.88916015625,1.0599782466888428,886,AGTACA,1.47265625,0,AAAAAN,2.0,0,AAAAAN,2.0,4345,TCGCCN,0.046584468334913254,4665,TGGCCN,0.055557284504175186,4665,TGGCCN,0.055557284504175186,False,False,True,-0.001040719449520111,GCCGCCCCTAACATCGCCCCCGCCAAACCACTCGCTT
2,11,36,attn,degradation,0.9765625,1.0425140857696533,886,AGTACA,1.392578125,0,AAAAAN,2.0,0,AAAAAN,2.0,4345,TCGCCN,0.04539543017745018,4665,TGGCCN,0.0540781244635582,4665,TGGCCN,0.0540781244635582,False,False,True,0.000152587890625,GCCGCCCCTAACATCGCCCCGCCAAACCACTCGCTT
2,12,36,attn,degradation,1.0068359375,0.995631217956543,886,AGTACA,1.365234375,0,AAAAAN,2.0,0,AAAAAN,2.0,4345,TCGCCN,0.045916009694337845,4665,TGGCCN,0.05381986126303673,4665,TGGCCN,0.05381986126303673,False,False,True,0.00017239898443222046,GCCGCCCCTAACATCGCCCCGCCAAACCACTCGCTT
2,13,36,attn,degradation,0.9990234375,1.0040467977523804,886,AGTACA,1.3720703125,0,AAAAAN,2.0,0,AAAAAN,2.0,4345,TCGCCN,0.04576146975159645,4665,TGGCCN,0.05380512401461601,4665,TGGCCN,0.05380512401461601,False,False,True,0.00010682642459869385,GCCGCCCCTAACATCGCCCCGCCAAACCACTCGCTT
2,14,36,attn,degradation,0.98828125,0.9697830677032471,886,AGTACA,1.3818359375,0,AAAAAN,2.0,0,AAAAAN,2.0,4345,TCGCCN,0.04624863341450691,4665,TGGCCN,0.053723081946372986,4665,TGGCCN,0.053723081946372986,False,False,True,-0.00017783045768737793,GCCGCCCCTAACATCGCCCCGCCAAACCACTCGCTT
2,15,36,attn,degradation,0.99169921875,0.9630787968635559,886,AGTACA,1.37890625,0,AAAAAN,2.0,0,AAAAAN,2.0,4345,TCGCCN,0.04663180559873581,4665,TGGCCN,0.05399487912654877,4665,TGGCCN,0.05399487912654877,False,False,True,-6.821751594543457e-05,GCCGCCCCTAACATCGCCCCGCCAAACCACTCGCTT
2,16,36,attn,degradation,0.9873046875,0.954539954662323,886,AGTACA,1.3828125,0,AAAAAN,2.0,0,AAAAAN,2.0,4345,TCGCCN,0.04696081206202507,4665,TGGCCN,0.054182033985853195,4665,TGGCCN,0.054182033985853195,False,False,True,6.37248158454895e-05,GCCGCCCCTAACATCGCCCCGCCAAACCACTCGCTT
3,0,36,attn,degradation,1.01953125,0.8875592350959778,886,AGTACA,1.353515625,0,AAAAAN,2.0,0,AAAAAN,2.0,4345,TCGCCN,0.04747718945145607,4665,TGGCCN,0.05358569324016571,4665,TGGCCN,0.05358569324016571,False,False,True,-0.009161330759525299,GCCGCCCCTAACATCGCCCCGCCAAACCACTCGCTT
3,1,36,attn,degradation,1.0107421875,0.8366914391517639,886,AGTACA,1.361328125,0,AAAAAN,2.0,0,AAAAAN,2.0,4345,TCGCCN,0.04777127131819725,4665,TGGCCN,0.05303473398089409,4665,TGGCCN,0.05303473398089409,False,False,True,-0.008895687758922577,GCCGCCCCTAACATCGCCCCGCCAAACCACTCGCTT
3,2,36,attn,degradation,1.021484375,0.9758118987083435,886,AGTACA,1.3515625,0,AAAAAN,2.0,0,AAAAAN,2.0,4345,TCGCCN,0.04554208368062973,4665,TGGCCN,0.05311668664216995,4665,TGGCCN,0.05311668664216995,False,False,True,-0.00513853132724762,GCCGCCCCTAACATCGCCCCGCCAAACCACTCGCTT
3,3,36,attn,degradation,0.9892578125,1.0424484014511108,886,AGTACA,1.380859375,0,AAAAAN,2.0,0,AAAAAN,2.0,4345,TCGCCN,0.04509812965989113,4665,TGGCCN,0.053779732435941696,4665,TGGCCN,0.053779732435941696,False,False,True,8.396804332733154e-06,GCCGCCCCTAACATCGCCCCGCCAAACCACTCGCTT
3,4,36,attn,degradation,0.99365234375,1.0446449518203735,886,AGTACA,1.376953125,0,AAAAAN,2.0,0,AAAAAN,2.0,4345,TCGCCN,0.04602191224694252,4665,TGGCCN,0.05474000424146652,4665,TGGCCN,0.05474000424146652,False,False,True,-0.0007165148854255676,GCCGCCCCTAACATCGCCCCGCCAAACCACTCGCTT
3,5,36,attn,degradation,0.9873046875,0.9639455080032349,886,AGTACA,1.3828125,0,AAAAAN,2.0,0,AAAAAN,2.0,4345,TCGCCN,0.048314232379198074,4665,TGGCCN,0.05569170415401459,4665,TGGCCN,0.05569170415401459,False,False,True,-0.0009630918502807617,GCCGCCCCTAACATCGCCCCGCCAAACCACTCGCTT
3,6,36,attn,degradation,0.9658203125,0.6703553795814514,886,AGTACA,1.40234375,0,AAAAAN,2.0,0,AAAAAN,2.0,4345,TCGCCN,0.053891621530056,4665,TGGCCN,0.056391824036836624,4665,TGGCCN,0.056391824036836624,False,False,True,-0.0015455447137355804,GCCGCCCCTAACATCGCCCCGCCAAACCACTCGCTT
3,7,36,attn,degradation,0.87744140625,0.7172988057136536,886,AGTACA,1.4833984375,0,AAAAAN,2.0,0,AAAAAN,2.0,4345,TCGCCN,0.05250939354300499,4665,TGGCCN,0.05578944459557533,4665,TGGCCN,0.05578944459557533,False,False,True,-0.0015448443591594696,GCCGCCCCTAACATCGCCCCGCCAAACCACTCGCTT
3,8,36,attn,degradation,0.82861328125,0.8132790327072144,886,AGTACA,1.5283203125,0,AAAAAN,2.0,0,AAAAAN,2.0,4345,TCGCCN,0.052197717130184174,4665,TGGCCN,0.057072240859270096,4665,TGGCCN,0.057072240859270096,False,False,True,-0.0015087313950061798,GCCGCCCCTAACATCGCCCCGCCAAACCACTCGCTT
3,9,36,attn,degradation,0.82861328125,1.078795075416565,886,AGTACA,1.5283203125,0,AAAAAN,2.0,0,AAAAAN,2.0,4345,TCGCCN,0.04649784415960312,4665,TGGCCN,0.05578325688838959,4665,TGGCCN,0.05578325688838959,False,False,True,-0.00039479881525039673,GCCGCCCCTAACATCGCCCCCGCCAAACCACTCGCTT
3,10,36,attn,degradation,0.91796875,1.0281429290771484,886,AGTACA,1.4462890625,0,AAAAAN,2.0,0,AAAAAN,2.0,4345,TCGCCN,0.04671991243958473,4665,TGGCCN,0.05516386404633522,4665,TGGCCN,0.05516386404633522,False,False,True,0.00014360249042510986,GCCGCCCCTAACATCGCCCCCGCCAAACCACTCGCTT
3,11,36,attn,degradation,0.98388671875,0.9603907465934753,886,AGTACA,1.3857421875,0,AAAAAN,2.0,0,AAAAAN,2.0,4345,TCGCCN,0.045387741178274155,4665,TGGCCN,0.05270615965127945,4665,TGGCCN,0.05270615965127945,False,False,True,0.0007518976926803589,GCCGCCCCTAACATCGCCCCGCCAAACCACTCGCTT
3,12,36,attn,degradation,1.0107421875,0.9512013792991638,886,AGTACA,1.361328125,0,AAAAAN,2.0,0,AAAAAN,2.0,4345,TCGCCN,0.046208467334508896,4665,TGGCCN,0.05337422713637352,4665,TGGCCN,0.05337422713637352,False,False,True,0.0002770945429801941,GCCGCCCCTAACATCGCCCCGCCAAACCACTCGCTT
3,13,36,attn,degradation,1.0107421875,0.9709049463272095,886,AGTACA,1.361328125,0,AAAAAN,2.0,0,AAAAAN,2.0,4345,TCGCCN,0.046100955456495285,4665,TGGCCN,0.053594041615724564,4665,TGGCCN,0.053594041615724564,False,False,True,0.000403478741645813,GCCGCCCCTAACATCGCCCCGCCAAACCACTCGCTT
3,14,36,attn,degradation,0.9892578125,0.9928573369979858,886,AGTACA,1.380859375,0,AAAAAN,2.0,0,AAAAAN,2.0,4345,TCGCCN,0.047088366001844406,4665,TGGCCN,0.054946135729551315,4665,TGGCCN,0.054946135729551315,False,False,True,-4.155188798904419e-05,GCCGCCCCTAACATCGCCCCGCCAAACCACTCGCTT
3,15,36,attn,degradation,0.9873046875,1.0020596981048584,886,AGTACA,1.3828125,0,AAAAAN,2.0,0,AAAAAN,2.0,4345,TCGCCN,0.046990133821964264,4665,TGGCCN,0.055000778287649155,4665,TGGCCN,0.055000778287649155,False,False,True,3.711134195327759e-05,GCCGCCCCTAACATCGCCCCGCCAAACCACTCGCTT
3,16,36,attn,degradation,0.99267578125,1.0074561834335327,886,AGTACA,1.3779296875,0,AAAAAN,2.0,0,AAAAAN,2.0,4345,TCGCCN,0.04689153656363487,4665,TGGCCN,0.05499183014035225,4665,TGGCCN,0.05499183014035225,False,False,True,9.138882160186768e-05,GCCGCCCCTAACATCGCCCCGCCAAACCACTCGCTT
4,0,36,attn,degradation,1.0205078125,0.5320493578910828,886,AGTACA,1.3525390625,0,AAAAAN,2.0,0,AAAAAN,2.0,4345,TCGCCN,0.053008656948804855,4665,TGGCCN,0.05321124941110611,4665,TGGCCN,0.05321124941110611,False,False,True,-0.038835570216178894,GCCGCCCCTAACATCGCCCCGCCAAACCACTCGCTT
4,1,36,attn,degradation,0.9990234375,0.45314300060272217,886,AGTACA,1.3720703125,0,AAAAAN,2.0,0,AAAAAN,2.0,4345,TCGCCN,0.05364798754453659,4665,TGGCCN,0.05253974720835686,4345,TCGCCN,0.05364798754453659,False,True,True,-0.038063256070017815,GCCGCCCCTAACATCGCCCCGCCAAACCACTCGCTT
4,2,36,attn,degradation,0.99267578125,1.0182654857635498,886,AGTACA,1.3779296875,0,AAAAAN,2.0,0,AAAAAN,2.0,4345,TCGCCN,0.046356793493032455,4665,TGGCCN,0.05463665723800659,4665,TGGCCN,0.05463665723800659,False,False,True,0.0014841929078102112,GCCGCCCCTAACATCGCCCCGCCAAACCACTCGCTT
4,3,36,attn,degradation,0.96826171875,1.0555181503295898,886,AGTACA,1.400390625,0,AAAAAN,2.0,0,AAAAAN,2.0,4345,TCGCCN,0.04585304111242294,4665,TGGCCN,0.054751764982938766,4665,TGGCCN,0.054751764982938766,False,False,True,0.0003363192081451416,GCCGCCCCTAACATCGCCCCGCCAAACCACTCGCTT
4,4,36,attn,degradation,0.97021484375,1.1043840646743774,886,AGTACA,1.3984375,0,AAAAAN,2.0,0,AAAAAN,2.0,4345,TCGCCN,0.046007826924324036,4665,TGGCCN,0.05571833625435829,4665,TGGCCN,0.05571833625435829,False,False,True,-0.0012981481850147247,GCCGCCCCTAACATCGCCCCGCCAAACCACTCGCTT
4,5,36,attn,degradation,0.9619140625,1.379014253616333,886,AGTACA,1.40625,0,AAAAAN,2.0,0,AAAAAN,2.0,4345,TCGCCN,0.035931333899497986,4665,TGGCCN,0.050204139202833176,4665,TGGCCN,0.050204139202833176,False,False,True,0.0019161701202392578,GCCGCCCCTAACATGGCCCCGCCAAACCACTCGCTT
4,6,36,attn,degradation,0.94873046875,1.3880774974822998,886,AGTACA,1.41796875,0,AAAAAN,2.0,0,AAAAAN,2.0,4345,TCGCCN,0.03613956645131111,4665,TGGCCN,0.050562936812639236,4665,TGGCCN,0.050562936812639236,False,False,True,0.0025070011615753174,GCCGCCCCTAACATGGCCCCGCCAAACCACTCGCTT
4,7,36,attn,degradation,0.94482421875,1.3303947448730469,886,AGTACA,1.421875,0,AAAAAN,2.0,0,AAAAAN,2.0,4345,TCGCCN,0.03625170513987541,4665,TGGCCN,0.04971681907773018,4665,TGGCCN,0.04971681907773018,False,False,True,0.0049674659967422485,GCCGCCCCTAACATGGCCCCGCCAAACCACTCGCTT
4,8,36,attn,degradation,0.9765625,0.953425407409668,886,AGTACA,1.392578125,0,AAAAAN,2.0,0,AAAAAN,2.0,4345,TCGCCN,0.047608133405447006,4665,TGGCCN,0.054810840636491776,4665,TGGCCN,0.054810840636491776,False,False,True,2.6620924472808838e-05,GCCGCCCCTAACATCGCCCCGCCAAACCACTCGCTT
4,9,36,attn,degradation,0.9990234375,0.8566556572914124,886,AGTACA,1.3720703125,0,AAAAAN,2.0,0,AAAAAN,2.0,4345,TCGCCN,0.049523428082466125,4665,TGGCCN,0.05511854588985443,4665,TGGCCN,0.05511854588985443,False,False,True,-1.5310943126678467e-05,GCCGCCCCTAACATCGCCCCGCCAAACCACTCGCTT
4,10,36,attn,degradation,1.0126953125,0.8419262766838074,886,AGTACA,1.359375,0,AAAAAN,2.0,0,AAAAAN,2.0,4345,TCGCCN,0.04976806044578552,4665,TGGCCN,0.055118486285209656,4665,TGGCCN,0.055118486285209656,False,False,True,-0.0001808851957321167,GCCGCCCCTAACATCGCCCCGCCAAACCACTCGCTT
4,11,36,attn,degradation,0.99267578125,0.8960772156715393,886,AGTACA,1.3779296875,0,AAAAAN,2.0,0,AAAAAN,2.0,4345,TCGCCN,0.04806845262646675,4665,TGGCCN,0.05431846156716347,4665,TGGCCN,0.05431846156716347,False,False,True,1.5594065189361572e-05,GCCGCCCCTAACATCGCCCCGCCAAACCACTCGCTT
4,12,36,attn,degradation,0.98388671875,0.9824410676956177,886,AGTACA,1.3857421875,0,AAAAAN,2.0,0,AAAAAN,2.0,4345,TCGCCN,0.04690615087747574,4665,TGGCCN,0.05459088087081909,4665,TGGCCN,0.05459088087081909,False,False,True,-1.0415911674499512e-05,GCCGCCCCTAACATCGCCCCGCCAAACCACTCGCTT
4,13,36,attn,degradation,0.98486328125,0.9895398020744324,886,AGTACA,1.384765625,0,AAAAAN,2.0,0,AAAAAN,2.0,4345,TCGCCN,0.04653457552194595,4665,TGGCCN,0.05433723330497742,4665,TGGCCN,0.05433723330497742,False,False,True,0.00012610852718353271,GCCGCCCCTAACATCGCCCCGCCAAACCACTCGCTT
4,14,36,attn,degradation,0.99169921875,0.9502476453781128,886,AGTACA,1.37890625,0,AAAAAN,2.0,0,AAAAAN,2.0,4345,TCGCCN,0.04691581055521965,4665,TGGCCN,0.054065726697444916,4665,TGGCCN,0.054065726697444916,False,False,True,-0.00035812705755233765,GCCGCCCCTAACATCGCCCCGCCAAACCACTCGCTT
4,15,36,attn,degradation,0.99365234375,0.9801055788993835,886,AGTACA,1.376953125,0,AAAAAN,2.0,0,AAAAAN,2.0,4345,TCGCCN,0.04656330496072769,4665,TGGCCN,0.054209236055612564,4665,TGGCCN,0.054209236055612564,False,False,True,-0.00018056482076644897,GCCGCCCCTAACATCGCCCCGCCAAACCACTCGCTT
4,16,36,attn,degradation,0.998046875,0.9811290502548218,886,AGTACA,1.373046875,0,AAAAAN,2.0,0,AAAAAN,2.0,4345,TCGCCN,0.046475738286972046,4665,TGGCCN,0.0541386716067791,4665,TGGCCN,0.0541386716067791,False,False,True,-0.0003235563635826111,GCCGCCCCTAACATCGCCCCGCCAAACCACTCGCTT
5,0,36,attn,degradation,0.9892578125,0.9637476801872253,886,AGTACA,1.380859375,0,AAAAAN,2.0,0,AAAAAN,2.0,4345,TCGCCN,0.04621062055230141,4665,TGGCCN,0.053584806621074677,4665,TGGCCN,0.053584806621074677,False,False,True,-0.002043113112449646,GCCGCCCCTAACATCGCCCCGCCAAACCACTCGCTT
5,1,36,attn,degradation,0.98193359375,0.966615617275238,886,AGTACA,1.3876953125,0,AAAAAN,2.0,0,AAAAAN,2.0,4345,TCGCCN,0.045707445591688156,4665,TGGCCN,0.053129274398088455,4665,TGGCCN,0.053129274398088455,False,False,True,-0.0011762045323848724,GCCGCCCCTAACATCGCCCCGCCAAACCACTCGCTT
5,2,36,attn,degradation,0.962890625,0.8992199897766113,886,AGTACA,1.4052734375,0,AAAAAN,2.0,0,AAAAAN,2.0,4345,TCGCCN,0.04612061753869057,4665,TGGCCN,0.05242283642292023,4665,TGGCCN,0.05242283642292023,False,False,True,0.00022254139184951782,GCCGCCCCTAACATCGCCCCGCCAAACCACTCGCTT
5,3,36,attn,degradation,0.97119140625,0.9702970385551453,886,AGTACA,1.3974609375,0,AAAAAN,2.0,0,AAAAAN,2.0,4345,TCGCCN,0.046331971883773804,4665,TGGCCN,0.05381495878100395,4665,TGGCCN,0.05381495878100395,False,False,True,-0.00016485154628753662,GCCGCCCCTAACATCGCCCCGCCAAACCACTCGCTT
5,4,36,attn,degradation,0.9873046875,0.9362567067146301,886,AGTACA,1.3828125,0,AAAAAN,2.0,0,AAAAAN,2.0,4345,TCGCCN,0.04722786694765091,4665,TGGCCN,0.05414535850286484,4665,TGGCCN,0.05414535850286484,False,False,True,-0.00033123791217803955,GCCGCCCCTAACATCGCCCCGCCAAACCACTCGCTT
5,5,36,attn,degradation,1.013671875,0.9590405821800232,886,AGTACA,1.3583984375,0,AAAAAN,2.0,0,AAAAAN,2.0,4345,TCGCCN,0.04812968894839287,4665,TGGCCN,0.055425677448511124,4665,TGGCCN,0.055425677448511124,False,False,True,-0.0009300746023654938,GCCGCCCCTAACATCGCCCCGCCAAACCACTCGCTT
5,6,36,attn,degradation,1.021484375,1.06142258644104,886,AGTACA,1.3515625,0,AAAAAN,2.0,0,AAAAAN,2.0,4345,TCGCCN,0.046034131199121475,4665,TGGCCN,0.0550309419631958,4665,TGGCCN,0.0550309419631958,False,False,True,4.859268665313721e-05,GCCGCCCCTAACATGGCCCCGCCAAACCACTCGCTT
5,7,36,attn,degradation,1.021484375,1.0397303104400635,886,AGTACA,1.3515625,0,AAAAAN,2.0,0,AAAAAN,2.0,4345,TCGCCN,0.046174317598342896,4665,TGGCCN,0.054810766130685806,4665,TGGCCN,0.054810766130685806,False,False,True,0.00015786290168762207,GCCGCCCCTAACATGGCCCCGCCAAACCACTCGCTT
5,8,36,attn,degradation,0.99560546875,1.104052186012268,886,AGTACA,1.375,0,AAAAAN,2.0,0,AAAAAN,2.0,4345,TCGCCN,0.045392829924821854,4665,TGGCCN,0.055097825825214386,4665,TGGCCN,0.055097825825214386,False,False,True,0.0005148127675056458,GCCGCCCCTAACATGGCCCCGCCAAACCACTCGCTT
5,9,36,attn,degradation,0.9638671875,1.0349936485290527,886,AGTACA,1.404296875,0,AAAAAN,2.0,0,AAAAAN,2.0,4345,TCGCCN,0.0477779321372509,4665,TGGCCN,0.0563356913626194,4665,TGGCCN,0.0563356913626194,False,False,True,-0.0002876967191696167,GCCGCCCCTAACATCGCCCCCGCCAAACCACTCGCTT
5,10,36,attn,degradation,0.95654296875,1.0587762594223022,886,AGTACA,1.4111328125,0,AAAAAN,2.0,0,AAAAAN,2.0,4345,TCGCCN,0.047438375651836395,4665,TGGCCN,0.05639122426509857,4665,TGGCCN,0.05639122426509857,False,False,True,9.484589099884033e-05,GCCGCCCCTAACATCGCCCCGCCAAACCACTCGCTT
5,11,36,attn,degradation,0.9658203125,0.9983614087104797,886,AGTACA,1.40234375,0,AAAAAN,2.0,0,AAAAAN,2.0,4345,TCGCCN,0.04752979427576065,4665,TGGCCN,0.05547900125384331,4665,TGGCCN,0.05547900125384331,False,False,True,-0.00012850016355514526,GCCGCCCCTAACATCGCCCCGCCAAACCACTCGCTT
5,12,36,attn,degradation,0.9892578125,0.970528244972229,886,AGTACA,1.380859375,0,AAAAAN,2.0,0,AAAAAN,2.0,4345,TCGCCN,0.047293808311223984,4665,TGGCCN,0.054780635982751846,4665,TGGCCN,0.054780635982751846,False,False,True,0.00010357797145843506,GCCGCCCCTAACATCGCCCCGCCAAACCACTCGCTT
5,13,36,attn,degradation,0.99267578125,0.9438453912734985,886,AGTACA,1.3779296875,0,AAAAAN,2.0,0,AAAAAN,2.0,4345,TCGCCN,0.04750370979309082,4665,TGGCCN,0.054547268897295,4665,TGGCCN,0.054547268897295,False,False,True,-9.462237358093262e-07,GCCGCCCCTAACATCGCCCCGCCAAACCACTCGCTT
5,14,36,attn,degradation,0.97119140625,0.9103504419326782,886,AGTACA,1.3974609375,0,AAAAAN,2.0,0,AAAAAN,2.0,4345,TCGCCN,0.04750995710492134,4665,TGGCCN,0.05399708077311516,4665,TGGCCN,0.05399708077311516,False,False,True,-0.0004276484251022339,GCCGCCCCTAACATCGCCCCGCCAAACCACTCGCTT
5,15,36,attn,degradation,0.966796875,0.9241288304328918,886,AGTACA,1.4013671875,0,AAAAAN,2.0,0,AAAAAN,2.0,4345,TCGCCN,0.047411952167749405,4665,TGGCCN,0.05412796884775162,4665,TGGCCN,0.05412796884775162,False,False,True,-0.0005971640348434448,GCCGCCCCTAACATCGCCCCGCCAAACCACTCGCTT
5,16,36,attn,degradation,0.966796875,0.8959442377090454,886,AGTACA,1.4013671875,0,AAAAAN,2.0,0,AAAAAN,2.0,4345,TCGCCN,0.0477285161614418,4665,TGGCCN,0.05397631600499153,4665,TGGCCN,0.05397631600499153,False,False,True,-0.0008383691310882568,GCCGCCCCTAACATCGCCCCGCCAAACCACTCGCTT
6,0,36,attn,degradation,1.0,0.44183987379074097,886,AGTACA,1.37109375,0,AAAAAN,2.0,0,AAAAAN,2.0,4345,TCGCCN,0.054373256862163544,4665,TGGCCN,0.05307724326848984,4345,TCGCCN,0.054373256862163544,False,True,True,-0.03486660309135914,GCCGCCCCTAACATCGCCCCGCCAAACCACTCGCTT
6,1,36,attn,degradation,0.9873046875,0.30813294649124146,886,AGTACA,1.3828125,0,AAAAAN,2.0,0,AAAAAN,2.0,4345,TCGCCN,0.055633991956710815,4665,TGGCCN,0.052116770297288895,4345,TCGCCN,0.055633991956710815,False,True,True,-0.029781155288219452,GCCGCCCCTAACATCGCCCCGCCAAACCACTCGCTT
6,2,36,attn,degradation,0.94140625,0.5811370611190796,886,AGTACA,1.4248046875,0,AAAAAN,2.0,0,AAAAAN,2.0,4345,TCGCCN,0.0526135116815567,4665,TGGCCN,0.05363157391548157,4665,TGGCCN,0.05363157391548157,False,False,True,-0.00034245848655700684,GCCGCCCCTAACATCGCCCCGCCAAACCACTCGCTT
6,3,36,attn,degradation,0.95947265625,0.9162625074386597,886,AGTACA,1.408203125,0,AAAAAN,2.0,0,AAAAAN,2.0,4345,TCGCCN,0.0469743013381958,4665,TGGCCN,0.05355963855981827,4665,TGGCCN,0.05355963855981827,False,False,True,-0.00040862709283828735,GCCGCCCCTAACATCGCCCCGCCAAACCACTCGCTT
6,4,36,attn,degradation,0.93603515625,0.8871286511421204,886,AGTACA,1.4296875,0,AAAAAN,2.0,0,AAAAAN,2.0,4345,TCGCCN,0.04551029950380325,4665,TGGCCN,0.05161165073513985,4665,TGGCCN,0.05161165073513985,False,False,True,-0.0009835921227931976,GCCGCCCCTAACATCGCCCCGCCAAACCACTCGCTT
6,5,36,attn,degradation,0.95654296875,0.9621954560279846,886,AGTACA,1.4111328125,0,AAAAAN,2.0,0,AAAAAN,2.0,4345,TCGCCN,0.045225590467453,4665,TGGCCN,0.05257399007678032,4665,TGGCCN,0.05257399007678032,False,False,True,-0.0016768090426921844,GCCGCCCCTAACATCGCCCCGCCAAACCACTCGCTT
6,6,36,attn,degradation,0.97119140625,1.3743418455123901,886,AGTACA,1.3974609375,0,AAAAAN,2.0,0,AAAAAN,2.0,4345,TCGCCN,0.03941135108470917,4665,TGGCCN,0.053606536239385605,4665,TGGCCN,0.053606536239385605,False,False,True,-0.0008679144084453583,GCCGCCCCTAACATGGCCCCGCCAAACCACTCGCTT
6,7,36,attn,degradation,0.9404296875,1.470672369003296,886,AGTACA,1.42578125,0,AAAAAN,2.0,0,AAAAAN,2.0,4345,TCGCCN,0.040740881115198135,4665,TGGCCN,0.05653635784983635,4665,TGGCCN,0.05653635784983635,False,False,True,-0.0005068555474281311,GCCGCCCCTAACATGGCCCCGCCAAACCACTCGCTT
6,8,36,attn,degradation,0.85302734375,1.4860204458236694,886,AGTACA,1.505859375,0,AAAAAN,2.0,0,AAAAAN,2.0,4345,TCGCCN,0.04135335609316826,4665,TGGCCN,0.0574038028717041,4665,TGGCCN,0.0574038028717041,False,False,True,-0.0010581985116004944,GCCGCCCCTAACATGGCCCCGCCAAACCACTCGCTT
6,9,36,attn,degradation,0.8193359375,1.0964529514312744,886,AGTACA,1.537109375,0,AAAAAN,2.0,0,AAAAAN,2.0,4345,TCGCCN,0.04881124198436737,4665,TGGCCN,0.058389995247125626,4665,TGGCCN,0.058389995247125626,False,False,True,-0.0020815469324588776,GCCGCCCCTAACATCGCCCCCGCCAAACCACTCGCTT
6,10,36,attn,degradation,0.87548828125,1.0058653354644775,886,AGTACA,1.4853515625,0,AAAAAN,2.0,0,AAAAAN,2.0,4345,TCGCCN,0.04889423027634621,4665,TGGCCN,0.056968096643686295,4665,TGGCCN,0.056968096643686295,False,False,True,-0.0015635602176189423,GCCGCCCCTAACATCGCCCCCGCCAAACCACTCGCTT
6,11,36,attn,degradation,0.94677734375,1.051999568939209,886,AGTACA,1.419921875,0,AAAAAN,2.0,0,AAAAAN,2.0,4345,TCGCCN,0.047447752207517624,4665,TGGCCN,0.05628802254796028,4665,TGGCCN,0.05628802254796028,False,False,True,-0.00023987889289855957,GCCGCCCCTAACATCGCCCCGCCAAACCACTCGCTT
6,12,36,attn,degradation,0.96826171875,1.048593282699585,886,AGTACA,1.400390625,0,AAAAAN,2.0,0,AAAAAN,2.0,4345,TCGCCN,0.046586766839027405,4665,TGGCCN,0.055370450019836426,4665,TGGCCN,0.055370450019836426,False,False,True,-0.00012833625078201294,GCCGCCCCTAACATCGCCCCGCCAAACCACTCGCTT
6,13,36,attn,degradation,0.97021484375,1.0429744720458984,886,AGTACA,1.3984375,0,AAAAAN,2.0,0,AAAAAN,2.0,4345,TCGCCN,0.04682951420545578,4665,TGGCCN,0.05551985651254654,4665,TGGCCN,0.05551985651254654,False,False,True,4.652142524719238e-05,GCCGCCCCTAACATCGCCCCGCCAAACCACTCGCTT
6,14,36,attn,degradation,0.978515625,0.8994920253753662,886,AGTACA,1.390625,0,AAAAAN,2.0,0,AAAAAN,2.0,4345,TCGCCN,0.048337992280721664,4665,TGGCCN,0.05464472994208336,4665,TGGCCN,0.05464472994208336,False,False,True,-0.0005174428224563599,GCCGCCCCTAACATCGCCCCGCCAAACCACTCGCTT
6,15,36,attn,degradation,0.978515625,0.9302114844322205,886,AGTACA,1.390625,0,AAAAAN,2.0,0,AAAAAN,2.0,4345,TCGCCN,0.04767940193414688,4665,TGGCCN,0.05449646711349487,4665,TGGCCN,0.05449646711349487,False,False,True,-0.0005242340266704559,GCCGCCCCTAACATCGCCCCGCCAAACCACTCGCTT
6,16,36,attn,degradation,0.98291015625,0.9556244015693665,886,AGTACA,1.38671875,0,AAAAAN,2.0,0,AAAAAN,2.0,4345,TCGCCN,0.047148171812295914,4665,TGGCCN,0.0543874092400074,4665,TGGCCN,0.0543874092400074,False,False,True,-0.0005786344408988953,GCCGCCCCTAACATCGCCCCGCCAAACCACTCGCTT
7,0,36,attn,degradation,0.94677734375,0.5070167779922485,886,AGTACA,1.419921875,0,AAAAAN,2.0,0,AAAAAN,2.0,4345,TCGCCN,0.05386145040392876,4665,TGGCCN,0.05364818871021271,4345,TCGCCN,0.05386145040392876,False,True,True,-0.0009767860174179077,GCCGCCCCTAACATCGCCCCGCCAAACCACTCGCTT
7,1,36,attn,degradation,0.96044921875,0.6266430616378784,886,AGTACA,1.4072265625,0,AAAAAN,2.0,0,AAAAAN,2.0,4345,TCGCCN,0.05240066722035408,4665,TGGCCN,0.054174698889255524,4665,TGGCCN,0.054174698889255524,False,False,True,-0.0004433244466781616,GCCGCCCCTAACATCGCCCCGCCAAACCACTCGCTT
7,2,36,attn,degradation,0.95654296875,0.7450221180915833,886,AGTACA,1.4111328125,0,AAAAAN,2.0,0,AAAAAN,2.0,4345,TCGCCN,0.050634123384952545,4665,TGGCCN,0.054374728351831436,4665,TGGCCN,0.054374728351831436,False,False,True,-0.0010640136897563934,GCCGCCCCTAACATCGCCCCGCCAAACCACTCGCTT
7,3,36,attn,degradation,0.99267578125,1.017575979232788,886,AGTACA,1.3779296875,0,AAAAAN,2.0,0,AAAAAN,2.0,4345,TCGCCN,0.04641415923833847,4665,TGGCCN,0.054682567715644836,4665,TGGCCN,0.054682567715644836,False,False,True,-0.0005700923502445221,GCCGCCCCTAACATCGCCCCGCCAAACCACTCGCTT
7,4,36,attn,degradation,0.98388671875,1.0310018062591553,886,AGTACA,1.3857421875,0,AAAAAN,2.0,0,AAAAAN,2.0,4345,TCGCCN,0.0456998236477375,4665,TGGCCN,0.05419126898050308,4665,TGGCCN,0.05419126898050308,False,False,True,-0.0001352950930595398,GCCGCCCCTAACATCGCCCCCGCCAAACCACTCGCTT
7,5,36,attn,degradation,1.0126953125,1.0619316101074219,886,AGTACA,1.359375,0,AAAAAN,2.0,0,AAAAAN,2.0,4345,TCGCCN,0.04548667371273041,4665,TGGCCN,0.05449194088578224,4665,TGGCCN,0.05449194088578224,False,False,True,-0.0003146752715110779,GCCGCCCCTAACATCGCCCCGCCAAACCACTCGCTT
7,6,36,attn,degradation,1.025390625,1.0273582935333252,886,AGTACA,1.34765625,0,AAAAAN,2.0,0,AAAAAN,2.0,4345,TCGCCN,0.04459567740559578,4665,TGGCCN,0.05302659422159195,4665,TGGCCN,0.05302659422159195,False,False,True,0.000879436731338501,GCCGCCCCTAACATCGCCCCGCCAAACCACTCGCTT
7,7,36,attn,degradation,1.0263671875,1.0162544250488281,886,AGTACA,1.3466796875,0,AAAAAN,2.0,0,AAAAAN,2.0,4345,TCGCCN,0.045441389083862305,4665,TGGCCN,0.053687844425439835,4665,TGGCCN,0.053687844425439835,False,False,True,0.0005423799157142639,GCCGCCCCTAACATCGCCCCGCCAAACCACTCGCTT
7,8,36,attn,degradation,0.99560546875,0.9376461505889893,886,AGTACA,1.375,0,AAAAAN,2.0,0,AAAAAN,2.0,4345,TCGCCN,0.04603046923875809,4665,TGGCCN,0.052971042692661285,4665,TGGCCN,0.052971042692661285,False,False,True,0.0008861646056175232,GCCGCCCCTAACATCGCCCCGCCAAACCACTCGCTT
7,9,36,attn,degradation,1.00390625,1.0056575536727905,886,AGTACA,1.3671875,0,AAAAAN,2.0,0,AAAAAN,2.0,4345,TCGCCN,0.045871566981077194,4665,TGGCCN,0.05394198000431061,4665,TGGCCN,0.05394198000431061,False,False,True,0.0003889128565788269,GCCGCCCCTAACATCGCCCCGCCAAACCACTCGCTT
7,10,36,attn,degradation,1.0,0.9991447329521179,886,AGTACA,1.37109375,0,AAAAAN,2.0,0,AAAAAN,2.0,4345,TCGCCN,0.046006426215171814,4665,TGGCCN,0.053968645632267,4665,TGGCCN,0.053968645632267,False,False,True,0.000310748815536499,GCCGCCCCTAACATCGCCCCGCCAAACCACTCGCTT
7,11,36,attn,degradation,1.0087890625,0.9932378530502319,886,AGTACA,1.36328125,0,AAAAAN,2.0,0,AAAAAN,2.0,4345,TCGCCN,0.04630018770694733,4665,TGGCCN,0.054164279252290726,4665,TGGCCN,0.054164279252290726,False,False,True,0.00016976892948150635,GCCGCCCCTAACATCGCCCCGCCAAACCACTCGCTT
7,12,36,attn,degradation,0.98388671875,0.9954652786254883,886,AGTACA,1.3857421875,0,AAAAAN,2.0,0,AAAAAN,2.0,4345,TCGCCN,0.046699605882167816,4665,TGGCCN,0.05460070073604584,4665,TGGCCN,0.05460070073604584,False,False,True,-7.513165473937988e-05,GCCGCCCCTAACATCGCCCCGCCAAACCACTCGCTT
7,13,36,attn,degradation,0.9775390625,0.975963294506073,886,AGTACA,1.3916015625,0,AAAAAN,2.0,0,AAAAAN,2.0,4345,TCGCCN,0.0470283217728138,4665,TGGCCN,0.05460543930530548,4665,TGGCCN,0.05460543930530548,False,False,True,-0.00021208077669143677,GCCGCCCCTAACATCGCCCCGCCAAACCACTCGCTT
7,14,36,attn,degradation,0.98291015625,0.9975658059120178,886,AGTACA,1.38671875,0,AAAAAN,2.0,0,AAAAAN,2.0,4345,TCGCCN,0.04700494185090065,4665,TGGCCN,0.054940931499004364,4665,TGGCCN,0.054940931499004364,False,False,True,0.00014875084161758423,GCCGCCCCTAACATCGCCCCGCCAAACCACTCGCTT
7,15,36,attn,degradation,0.98291015625,0.9877927303314209,886,AGTACA,1.38671875,0,AAAAAN,2.0,0,AAAAAN,2.0,4345,TCGCCN,0.047381993383169174,4665,TGGCCN,0.05515562742948532,4665,TGGCCN,0.05515562742948532,False,False,True,5.2444636821746826e-05,GCCGCCCCTAACATCGCCCCGCCAAACCACTCGCTT
7,16,36,attn,degradation,0.98193359375,0.9778536558151245,886,AGTACA,1.3876953125,0,AAAAAN,2.0,0,AAAAAN,2.0,4345,TCGCCN,0.046923812478780746,4665,TGGCCN,0.054532334208488464,4665,TGGCCN,0.054532334208488464,False,False,True,6.3478946685791016e-06,GCCGCCCCTAACATCGCCCCGCCAAACCACTCGCTT
8,0,36,attn,degradation,1.001953125,0.968319833278656,886,AGTACA,1.369140625,0,AAAAAN,2.0,0,AAAAAN,2.0,4345,TCGCCN,0.04684235900640488,4665,TGGCCN,0.054292500019073486,4665,TGGCCN,0.054292500019073486,False,False,True,-0.001232147216796875,GCCGCCCCTAACATCGCCCCGCCAAACCACTCGCTT
8,1,36,attn,degradation,1.0,0.9556035399436951,886,AGTACA,1.37109375,0,AAAAAN,2.0,0,AAAAAN,2.0,4345,TCGCCN,0.0469413623213768,4665,TGGCCN,0.05418025329709053,4665,TGGCCN,0.05418025329709053,False,False,True,-0.001198742538690567,GCCGCCCCTAACATCGCCCCGCCAAACCACTCGCTT
8,2,36,attn,degradation,1.0087890625,1.0021179914474487,886,AGTACA,1.36328125,0,AAAAAN,2.0,0,AAAAAN,2.0,4345,TCGCCN,0.04720344394445419,4665,TGGCCN,0.055215056985616684,4665,TGGCCN,0.055215056985616684,False,False,True,0.0006845071911811829,GCCGCCCCTAACATCGCCCCGCCAAACCACTCGCTT
8,3,36,attn,degradation,1.0029296875,0.9794072508811951,886,AGTACA,1.3681640625,0,AAAAAN,2.0,0,AAAAAN,2.0,4345,TCGCCN,0.04744601622223854,4665,TGGCCN,0.055080346763134,4665,TGGCCN,0.055080346763134,False,False,True,0.00028943270444869995,GCCGCCCCTAACATCGCCCCGCCAAACCACTCGCTT
8,4,36,attn,degradation,1.0048828125,0.8707008361816406,886,AGTACA,1.3662109375,0,AAAAAN,2.0,0,AAAAAN,2.0,4345,TCGCCN,0.04925813898444176,4665,TGGCCN,0.05508658289909363,4665,TGGCCN,0.05508658289909363,False,False,True,-0.00047963112592697144,GCCGCCCCTAACATCGCCCCGCCAAACCACTCGCTT
8,5,36,attn,degradation,1.0029296875,0.8028435111045837,886,AGTACA,1.3681640625,0,AAAAAN,2.0,0,AAAAAN,2.0,4345,TCGCCN,0.04937893524765968,4665,TGGCCN,0.05408009886741638,4665,TGGCCN,0.05408009886741638,False,False,True,-0.0011553466320037842,GCCGCCCCTAACATCGCCCCGCCAAACCACTCGCTT
8,6,36,attn,degradation,1.0205078125,0.8182445168495178,886,AGTACA,1.3525390625,0,AAAAAN,2.0,0,AAAAAN,2.0,4345,TCGCCN,0.04885013401508331,4665,TGGCCN,0.05380714684724808,4665,TGGCCN,0.05380714684724808,False,False,True,-0.0010933689773082733,GCCGCCCCTAACATCGCCCCGCCAAACCACTCGCTT
8,7,36,attn,degradation,0.98388671875,0.9356669187545776,886,AGTACA,1.3857421875,0,AAAAAN,2.0,0,AAAAAN,2.0,4345,TCGCCN,0.046819690614938736,4665,TGGCCN,0.05372738465666771,4665,TGGCCN,0.05372738465666771,False,False,True,-0.0005710460245609283,GCCGCCCCTAACATCGCCCCGCCAAACCACTCGCTT
8,8,36,attn,degradation,0.9736328125,0.9930521845817566,886,AGTACA,1.3955078125,0,AAAAAN,2.0,0,AAAAAN,2.0,4345,TCGCCN,0.046126849949359894,4665,TGGCCN,0.053987856954336166,4665,TGGCCN,0.053987856954336166,False,False,True,-0.00015372782945632935,GCCGCCCCTAACATCGCCCCGCCAAACCACTCGCTT
8,9,36,attn,degradation,0.951171875,0.9816457033157349,886,AGTACA,1.416015625,0,AAAAAN,2.0,0,AAAAAN,2.0,4345,TCGCCN,0.046537820249795914,4665,TGGCCN,0.05420933663845062,4665,TGGCCN,0.05420933663845062,False,False,True,-0.00016073882579803467,GCCGCCCCTAACATCGCCCCGCCAAACCACTCGCTT
8,10,36,attn,degradation,0.9775390625,0.9881557822227478,886,AGTACA,1.3916015625,0,AAAAAN,2.0,0,AAAAAN,2.0,4345,TCGCCN,0.046560682356357574,4665,TGGCCN,0.05434034764766693,4665,TGGCCN,0.05434034764766693,False,False,True,8.050352334976196e-05,GCCGCCCCTAACATCGCCCCGCCAAACCACTCGCTT
8,11,36,attn,degradation,0.9736328125,1.0423089265823364,886,AGTACA,1.3955078125,0,AAAAAN,2.0,0,AAAAAN,2.0,4345,TCGCCN,0.04575129598379135,4665,TGGCCN,0.054430581629276276,4665,TGGCCN,0.054430581629276276,False,False,True,5.6862831115722656e-05,GCCGCCCCTAACATCGCCCCGCCAAACCACTCGCTT
8,12,36,attn,degradation,0.97021484375,1.0637731552124023,886,AGTACA,1.3984375,0,AAAAAN,2.0,0,AAAAAN,2.0,4345,TCGCCN,0.04599771276116371,4665,TGGCCN,0.055033572018146515,4665,TGGCCN,0.055033572018146515,False,False,True,6.052851676940918e-05,GCCGCCCCTAACATCGCCCCGCCAAACCACTCGCTT
8,13,36,attn,degradation,0.99267578125,1.0559240579605103,886,AGTACA,1.3779296875,0,AAAAAN,2.0,0,AAAAAN,2.0,4345,TCGCCN,0.04627852141857147,4665,TGGCCN,0.05518398806452751,4665,TGGCCN,0.05518398806452751,False,False,True,0.0004412904381752014,GCCGCCCCTAACATGGCCCCGCCAAACCACTCGCTT
8,14,36,attn,degradation,1.013671875,1.0272680521011353,886,AGTACA,1.3583984375,0,AAAAAN,2.0,0,AAAAAN,2.0,4345,TCGCCN,0.04657447710633278,4665,TGGCCN,0.05500389635562897,4665,TGGCCN,0.05500389635562897,False,False,True,0.0004395097494125366,GCCGCCCCTAACATCGCCCCGCCAAACCACTCGCTT
8,15,36,attn,degradation,1.021484375,1.042790174484253,886,AGTACA,1.3515625,0,AAAAAN,2.0,0,AAAAAN,2.0,4345,TCGCCN,0.04635625332593918,4665,TGGCCN,0.0550435334444046,4665,TGGCCN,0.0550435334444046,False,False,True,0.0006354078650474548,GCCGCCCCTAACATCGCCCCGCCAAACCACTCGCTT
8,16,36,attn,degradation,1.0107421875,1.0329457521438599,886,AGTACA,1.361328125,0,AAAAAN,2.0,0,AAAAAN,2.0,4345,TCGCCN,0.046447496861219406,4665,TGGCCN,0.05497123673558235,4665,TGGCCN,0.05497123673558235,False,False,True,0.0004021003842353821,GCCGCCCCTAACATCGCCCCGCCAAACCACTCGCTT
9,0,36,attn,degradation,1.013671875,0.7852973937988281,886,AGTACA,1.3583984375,0,AAAAAN,2.0,0,AAAAAN,2.0,4345,TCGCCN,0.04932212457060814,4665,TGGCCN,0.053731802850961685,4665,TGGCCN,0.053731802850961685,False,False,True,-0.003386501222848892,GCCGCCCCTAACATCGCCCCGCCAAACCACTCGCTT
9,1,36,attn,degradation,1.0166015625,0.9022690653800964,886,AGTACA,1.35546875,0,AAAAAN,2.0,0,AAAAAN,2.0,4345,TCGCCN,0.048524778336286545,4665,TGGCCN,0.05487764999270439,4665,TGGCCN,0.05487764999270439,False,False,True,-0.0008473619818687439,GCCGCCCCTAACATCGCCCCGCCAAACCACTCGCTT
9,2,36,attn,degradation,1.0322265625,0.8136806488037109,886,AGTACA,1.341796875,0,AAAAAN,2.0,0,AAAAAN,2.0,4345,TCGCCN,0.04980805143713951,4665,TGGCCN,0.05468924716114998,4665,TGGCCN,0.05468924716114998,False,False,True,-0.0004401281476020813,GCCGCCCCTAACATCGCCCCGCCAAACCACTCGCTT
9,3,36,attn,degradation,1.009765625,0.9189494252204895,886,AGTACA,1.3623046875,0,AAAAAN,2.0,0,AAAAAN,2.0,4345,TCGCCN,0.04801911488175392,4665,TGGCCN,0.05464908853173256,4665,TGGCCN,0.05464908853173256,False,False,True,-0.00020894408226013184,GCCGCCCCTAACATCGCCCCGCCAAACCACTCGCTT
9,4,36,attn,degradation,1.0048828125,0.8902416229248047,886,AGTACA,1.3662109375,0,AAAAAN,2.0,0,AAAAAN,2.0,4345,TCGCCN,0.04824306443333626,4665,TGGCCN,0.0543961301445961,4665,TGGCCN,0.0543961301445961,False,False,True,-0.001229219138622284,GCCGCCCCTAACATCGCCCCGCCAAACCACTCGCTT
9,5,36,attn,degradation,1.001953125,0.9416013956069946,886,AGTACA,1.369140625,0,AAAAAN,2.0,0,AAAAAN,2.0,4345,TCGCCN,0.047124188393354416,4665,TGGCCN,0.054130468517541885,4665,TGGCCN,0.054130468517541885,False,False,True,-0.0012308768928050995,GCCGCCCCTAACATCGCCCCGCCAAACCACTCGCTT
9,6,36,attn,degradation,0.9990234375,0.7839651703834534,886,AGTACA,1.3720703125,0,AAAAAN,2.0,0,AAAAAN,2.0,4345,TCGCCN,0.05081034451723099,4665,TGGCCN,0.05519789084792137,4665,TGGCCN,0.05519789084792137,False,False,True,-0.0015298128128051758,GCCGCCCCTAACATCGCCCCGCCAAACCACTCGCTT
9,7,36,attn,degradation,0.998046875,0.8657822012901306,886,AGTACA,1.373046875,0,AAAAAN,2.0,0,AAAAAN,2.0,4345,TCGCCN,0.04936422407627106,4665,TGGCCN,0.055110957473516464,4665,TGGCCN,0.055110957473516464,False,False,True,-0.000569511204957962,GCCGCCCCTAACATCGCCCCGCCAAACCACTCGCTT
9,8,36,attn,degradation,0.974609375,0.9118412733078003,886,AGTACA,1.39453125,0,AAAAAN,2.0,0,AAAAAN,2.0,4345,TCGCCN,0.04884357005357742,4665,TGGCCN,0.055355459451675415,4665,TGGCCN,0.055355459451675415,False,False,True,-0.000587213784456253,GCCGCCCCTAACATCGCCCCGCCAAACCACTCGCTT
9,9,36,attn,degradation,0.98095703125,1.0369073152542114,886,AGTACA,1.388671875,0,AAAAAN,2.0,0,AAAAAN,2.0,4345,TCGCCN,0.04646752029657364,4665,TGGCCN,0.05505707114934921,4665,TGGCCN,0.05505707114934921,False,False,True,-0.00037598609924316406,GCCGCCCCTAACATCGCCCCCGCCAAACCACTCGCTT
9,10,36,attn,degradation,0.97216796875,1.050135850906372,886,AGTACA,1.396484375,0,AAAAAN,2.0,0,AAAAAN,2.0,4345,TCGCCN,0.047016508877277374,4665,TGGCCN,0.055825818330049515,4665,TGGCCN,0.055825818330049515,False,False,True,-0.0006808601319789886,GCCGCCCCTAACATCGCCCCCGCCAAACCACTCGCTT
9,11,36,attn,degradation,0.9990234375,1.008651852607727,886,AGTACA,1.3720703125,0,AAAAAN,2.0,0,AAAAAN,2.0,4345,TCGCCN,0.047692492604255676,4665,TGGCCN,0.05581264942884445,4665,TGGCCN,0.05581264942884445,False,False,True,-0.0007004737854003906,GCCGCCCCTAACATCGCCCCCGCCAAACCACTCGCTT
9,12,36,attn,degradation,0.99365234375,0.992314875125885,886,AGTACA,1.376953125,0,AAAAAN,2.0,0,AAAAAN,2.0,4345,TCGCCN,0.047777824103832245,4665,TGGCCN,0.055626582354307175,4665,TGGCCN,0.055626582354307175,False,False,True,-0.0005458220839500427,GCCGCCCCTAACATCGCCCCCGCCAAACCACTCGCTT
9,13,36,attn,degradation,0.99169921875,0.9921363592147827,886,AGTACA,1.37890625,0,AAAAAN,2.0,0,AAAAAN,2.0,4345,TCGCCN,0.04731939733028412,4665,TGGCCN,0.05516519024968147,4665,TGGCCN,0.05516519024968147,False,False,True,-0.00037316977977752686,GCCGCCCCTAACATCGCCCCGCCAAACCACTCGCTT
9,14,36,attn,degradation,0.99365234375,1.0147398710250854,886,AGTACA,1.376953125,0,AAAAAN,2.0,0,AAAAAN,2.0,4345,TCGCCN,0.04697820916771889,4665,TGGCCN,0.055199503898620605,4665,TGGCCN,0.055199503898620605,False,False,True,3.1054019927978516e-05,GCCGCCCCTAACATCGCCCCGCCAAACCACTCGCTT
9,15,36,attn,degradation,0.99169921875,0.986053466796875,886,AGTACA,1.37890625,0,AAAAAN,2.0,0,AAAAAN,2.0,4345,TCGCCN,0.04694656282663345,4665,TGGCCN,0.05469130352139473,4665,TGGCCN,0.05469130352139473,False,False,True,-6.978213787078857e-05,GCCGCCCCTAACATCGCCCCGCCAAACCACTCGCTT
9,16,36,attn,degradation,1.0029296875,1.0012589693069458,886,AGTACA,1.3681640625,0,AAAAAN,2.0,0,AAAAAN,2.0,4345,TCGCCN,0.04712435603141785,4665,TGGCCN,0.05512169748544693,4665,TGGCCN,0.05512169748544693,False,False,True,0.0003125816583633423,GCCGCCCCTAACATCGCCCCGCCAAACCACTCGCTT
10,0,36,attn,degradation,1.0107421875,0.9664451479911804,886,AGTACA,1.361328125,0,AAAAAN,2.0,0,AAAAAN,2.0,4345,TCGCCN,0.0473780483007431,4665,TGGCCN,0.05479704588651657,4665,TGGCCN,0.05479704588651657,False,False,True,-0.0022746846079826355,GCCGCCCCTAACATCGCCCCGCCAAACCACTCGCTT
10,1,36,attn,degradation,1.0087890625,0.9545506834983826,886,AGTACA,1.36328125,0,AAAAAN,2.0,0,AAAAAN,2.0,4345,TCGCCN,0.04765975847840309,4665,TGGCCN,0.05488115921616554,4665,TGGCCN,0.05488115921616554,False,False,True,-0.002277541905641556,GCCGCCCCTAACATCGCCCCGCCAAACCACTCGCTT
10,2,36,attn,degradation,1.0322265625,0.8915804028511047,886,AGTACA,1.341796875,0,AAAAAN,2.0,0,AAAAAN,2.0,4345,TCGCCN,0.04842400178313255,4665,TGGCCN,0.05459930747747421,4665,TGGCCN,0.05459930747747421,False,False,True,2.7880072593688965e-05,GCCGCCCCTAACATCGCCCCGCCAAACCACTCGCTT
10,3,36,attn,degradation,1.015625,0.96319180727005,886,AGTACA,1.3564453125,0,AAAAAN,2.0,0,AAAAAN,2.0,4345,TCGCCN,0.04803849384188652,4665,TGGCCN,0.0554034449160099,4665,TGGCCN,0.0554034449160099,False,False,True,-0.0003143623471260071,GCCGCCCCTAACATCGCCCCGCCAAACCACTCGCTT
10,4,36,attn,degradation,1.0126953125,0.8859235644340515,886,AGTACA,1.359375,0,AAAAAN,2.0,0,AAAAAN,2.0,4345,TCGCCN,0.04877812787890434,4665,TGGCCN,0.054859459400177,4665,TGGCCN,0.054859459400177,False,False,True,-0.0009825825691223145,GCCGCCCCTAACATCGCCCCGCCAAACCACTCGCTT
10,5,36,attn,degradation,0.98828125,0.882383406162262,886,AGTACA,1.3818359375,0,AAAAAN,2.0,0,AAAAAN,2.0,4345,TCGCCN,0.048028651624917984,4665,TGGCCN,0.054051171988248825,4665,TGGCCN,0.054051171988248825,False,False,True,-0.0008546561002731323,GCCGCCCCTAACATCGCCCCGCCAAACCACTCGCTT
10,6,36,attn,degradation,0.9765625,0.8322719931602478,886,AGTACA,1.392578125,0,AAAAAN,2.0,0,AAAAAN,2.0,4345,TCGCCN,0.04872794821858406,4665,TGGCCN,0.05391799286007881,4665,TGGCCN,0.05391799286007881,False,False,True,-0.0009511522948741913,GCCGCCCCTAACATCGCCCCGCCAAACCACTCGCTT
10,7,36,attn,degradation,0.966796875,0.925040602684021,886,AGTACA,1.4013671875,0,AAAAAN,2.0,0,AAAAAN,2.0,4345,TCGCCN,0.04764774441719055,4665,TGGCCN,0.05437890812754631,4665,TGGCCN,0.05437890812754631,False,False,True,-0.0004393458366394043,GCCGCCCCTAACATCGCCCCGCCAAACCACTCGCTT
10,8,36,attn,degradation,0.9501953125,0.9600310325622559,886,AGTACA,1.4169921875,0,AAAAAN,2.0,0,AAAAAN,2.0,4345,TCGCCN,0.04754316434264183,4665,TGGCCN,0.05485560745000839,4665,TGGCCN,0.05485560745000839,False,False,True,-0.00038017332553863525,GCCGCCCCTAACATCGCCCCGCCAAACCACTCGCTT
10,9,36,attn,degradation,0.95654296875,0.9644933342933655,886,AGTACA,1.4111328125,0,AAAAAN,2.0,0,AAAAAN,2.0,4345,TCGCCN,0.04703318327665329,4665,TGGCCN,0.054419755935668945,4665,TGGCCN,0.054419755935668945,False,False,True,2.1226704120635986e-05,GCCGCCCCTAACATCGCCCCGCCAAACCACTCGCTT
10,10,36,attn,degradation,0.97216796875,0.9579659700393677,886,AGTACA,1.396484375,0,AAAAAN,2.0,0,AAAAAN,2.0,4345,TCGCCN,0.04718507453799248,4665,TGGCCN,0.054463211447000504,4665,TGGCCN,0.054463211447000504,False,False,True,-0.00018474459648132324,GCCGCCCCTAACATCGCCCCCGCCAAACCACTCGCTT
10,11,36,attn,degradation,0.98291015625,0.9363434910774231,886,AGTACA,1.38671875,0,AAAAAN,2.0,0,AAAAAN,2.0,4345,TCGCCN,0.04753278195858002,4665,TGGCCN,0.05445171520113945,4665,TGGCCN,0.05445171520113945,False,False,True,-0.00021028518676757812,GCCGCCCCTAACATCGCCCCCGCCAAACCACTCGCTT
10,12,36,attn,degradation,0.99169921875,0.9680308103561401,886,AGTACA,1.37890625,0,AAAAAN,2.0,0,AAAAAN,2.0,4345,TCGCCN,0.047247983515262604,4665,TGGCCN,0.054693322628736496,4665,TGGCCN,0.054693322628736496,False,False,True,-0.000425092875957489,GCCGCCCCTAACATCGCCCCCGCCAAACCACTCGCTT
10,13,36,attn,degradation,0.9892578125,0.8552032113075256,886,AGTACA,1.380859375,0,AAAAAN,2.0,0,AAAAAN,2.0,4345,TCGCCN,0.0492284893989563,4665,TGGCCN,0.05479947850108147,4665,TGGCCN,0.05479947850108147,False,False,True,0.001362130045890808,GCCGCCCCTAACATCGCCCCGCCAAACCACTCGCTT
10,14,36,attn,degradation,1.0029296875,0.8851104378700256,886,AGTACA,1.3681640625,0,AAAAAN,2.0,0,AAAAAN,2.0,4345,TCGCCN,0.049272991716861725,4665,TGGCCN,0.05534081533551216,4665,TGGCCN,0.05534081533551216,False,False,True,0.00138932466506958,GCCGCCCCTAACATCGCCCCGCCAAACCACTCGCTT
10,15,36,attn,degradation,0.9990234375,0.8719243407249451,886,AGTACA,1.3720703125,0,AAAAAN,2.0,0,AAAAAN,2.0,4345,TCGCCN,0.049494098871946335,4665,TGGCCN,0.055342867970466614,4665,TGGCCN,0.055342867970466614,False,False,True,0.0012694299221038818,GCCGCCCCTAACATCGCCCCGCCAAACCACTCGCTT
10,16,36,attn,degradation,1.0029296875,0.9869587421417236,886,AGTACA,1.3681640625,0,AAAAAN,2.0,0,AAAAAN,2.0,4345,TCGCCN,0.047441329807043076,4665,TGGCCN,0.05520110949873924,4665,TGGCCN,0.05520110949873924,False,False,True,-0.00018871575593948364,GCCGCCCCTAACATCGCCCCGCCAAACCACTCGCTT
11,0,36,attn,degradation,0.99169921875,0.8585260510444641,886,AGTACA,1.37890625,0,AAAAAN,2.0,0,AAAAAN,2.0,4345,TCGCCN,0.048173632472753525,4665,TGGCCN,0.0537998229265213,4665,TGGCCN,0.0537998229265213,False,False,True,-0.0065336674451828,GCCGCCCCTAACATCGCCCCGCCAAACCACTCGCTT
11,1,36,attn,degradation,0.974609375,0.8732215762138367,886,AGTACA,1.39453125,0,AAAAAN,2.0,0,AAAAAN,2.0,4345,TCGCCN,0.04879504069685936,4665,TGGCCN,0.05466536059975624,4665,TGGCCN,0.05466536059975624,False,False,True,-0.005557805299758911,GCCGCCCCTAACATCGCCCCGCCAAACCACTCGCTT
11,2,36,attn,degradation,0.9775390625,0.863081157207489,886,AGTACA,1.3916015625,0,AAAAAN,2.0,0,AAAAAN,2.0,4345,TCGCCN,0.047740597277879715,4665,TGGCCN,0.05344245955348015,4665,TGGCCN,0.05344245955348015,False,False,True,-4.2125582695007324e-05,GCCGCCCCTAACATCGCCCCGCCAAACCACTCGCTT
11,3,36,attn,degradation,0.9736328125,0.9354146718978882,886,AGTACA,1.3955078125,0,AAAAAN,2.0,0,AAAAAN,2.0,4345,TCGCCN,0.04681353271007538,4665,TGGCCN,0.05371703580021858,4665,TGGCCN,0.05371703580021858,False,False,True,-0.000538799911737442,GCCGCCCCTAACATCGCCCCGCCAAACCACTCGCTT
11,4,36,attn,degradation,0.96826171875,0.976175844669342,886,AGTACA,1.400390625,0,AAAAAN,2.0,0,AAAAAN,2.0,4345,TCGCCN,0.04673150181770325,4665,TGGCCN,0.05431215092539787,4665,TGGCCN,0.05431215092539787,False,False,True,-0.0008518211543560028,GCCGCCCCTAACATCGCCCCGCCAAACCACTCGCTT
11,5,36,attn,degradation,0.974609375,1.0775792598724365,886,AGTACA,1.39453125,0,AAAAAN,2.0,0,AAAAAN,2.0,4345,TCGCCN,0.04561778903007507,4665,TGGCCN,0.05488300323486328,4665,TGGCCN,0.05488300323486328,False,False,True,-0.0005464181303977966,GCCGCCCCTAACATCGCCCCGCCAAACCACTCGCTT
11,6,36,attn,degradation,0.96826171875,1.063879370689392,886,AGTACA,1.400390625,0,AAAAAN,2.0,0,AAAAAN,2.0,4345,TCGCCN,0.04719730094075203,4665,TGGCCN,0.056234925985336304,4665,TGGCCN,0.056234925985336304,False,False,True,-0.0008187554776668549,GCCGCCCCTAACATCGCCCCGCCAAACCACTCGCTT
11,7,36,attn,degradation,0.9619140625,0.9772955179214478,886,AGTACA,1.40625,0,AAAAAN,2.0,0,AAAAAN,2.0,4345,TCGCCN,0.04720720276236534,4665,TGGCCN,0.05480645224452019,4665,TGGCCN,0.05480645224452019,False,False,True,-0.0006240494549274445,GCCGCCCCTAACATCGCCCCGCCAAACCACTCGCTT
11,8,36,attn,degradation,0.93408203125,0.983542799949646,886,AGTACA,1.431640625,0,AAAAAN,2.0,0,AAAAAN,2.0,4345,TCGCCN,0.04754307493567467,4665,TGGCCN,0.055246107280254364,4665,TGGCCN,0.055246107280254364,False,False,True,-0.0007631070911884308,GCCGCCCCTAACATCGCCCCGCCAAACCACTCGCTT
11,9,36,attn,degradation,0.94677734375,0.9837307333946228,886,AGTACA,1.419921875,0,AAAAAN,2.0,0,AAAAAN,2.0,4345,TCGCCN,0.04639260843396187,4665,TGGCCN,0.054098762571811676,4665,TGGCCN,0.054098762571811676,False,False,True,0.00014250725507736206,GCCGCCCCTAACATCGCCCCGCCAAACCACTCGCTT
11,10,36,attn,degradation,0.97119140625,1.0135823488235474,886,AGTACA,1.3974609375,0,AAAAAN,2.0,0,AAAAAN,2.0,4345,TCGCCN,0.04646817222237587,4665,TGGCCN,0.05467023700475693,4665,TGGCCN,0.05467023700475693,False,False,True,0.00010275840759277344,GCCGCCCCTAACATCGCCCCGCCAAACCACTCGCTT
11,11,36,attn,degradation,1.0107421875,1.0058093070983887,886,AGTACA,1.361328125,0,AAAAAN,2.0,0,AAAAAN,2.0,4345,TCGCCN,0.04683502018451691,4665,TGGCCN,0.05490795522928238,4665,TGGCCN,0.05490795522928238,False,False,True,0.0002801045775413513,GCCGCCCCTAACATCGCCCCGCCAAACCACTCGCTT
11,12,36,attn,degradation,1.0146484375,1.0029059648513794,886,AGTACA,1.357421875,0,AAAAAN,2.0,0,AAAAAN,2.0,4345,TCGCCN,0.047043051570653915,4665,TGGCCN,0.0550677552819252,4665,TGGCCN,0.0550677552819252,False,False,True,0.00013127177953720093,GCCGCCCCTAACATCGCCCCGCCAAACCACTCGCTT
11,13,36,attn,degradation,1.0029296875,0.9764198660850525,886,AGTACA,1.3681640625,0,AAAAAN,2.0,0,AAAAAN,2.0,4345,TCGCCN,0.04731984809041023,4665,TGGCCN,0.054904550313949585,4665,TGGCCN,0.054904550313949585,False,False,True,0.00023576617240905762,GCCGCCCCTAACATCGCCCCGCCAAACCACTCGCTT
11,14,36,attn,degradation,0.97119140625,0.9493038058280945,886,AGTACA,1.3974609375,0,AAAAAN,2.0,0,AAAAAN,2.0,4345,TCGCCN,0.04799048602581024,4665,TGGCCN,0.05512472242116928,4665,TGGCCN,0.05512472242116928,False,False,True,-0.0002587363123893738,GCCGCCCCTAACATCGCCCCGCCAAACCACTCGCTT
11,15,36,attn,degradation,0.96826171875,0.9511101245880127,886,AGTACA,1.400390625,0,AAAAAN,2.0,0,AAAAAN,2.0,4345,TCGCCN,0.048078931868076324,4665,TGGCCN,0.055243175476789474,4665,TGGCCN,0.055243175476789474,False,False,True,-0.00038020312786102295,GCCGCCCCTAACATCGCCCCGCCAAACCACTCGCTT
11,16,36,attn,degradation,0.97119140625,0.9885724186897278,886,AGTACA,1.3974609375,0,AAAAAN,2.0,0,AAAAAN,2.0,4345,TCGCCN,0.0473175048828125,4665,TGGCCN,0.0551040917634964,4665,TGGCCN,0.0551040917634964,False,False,True,-0.00033535808324813843,GCCGCCCCTAACATCGCCCCGCCAAACCACTCGCTT
12,0,36,attn,degradation,1.0166015625,1.0181628465652466,886,AGTACA,1.35546875,0,AAAAAN,2.0,0,AAAAAN,2.0,4345,TCGCCN,0.04656754434108734,4665,TGGCCN,0.05484570190310478,4665,TGGCCN,0.05484570190310478,False,False,True,-0.0017642751336097717,GCCGCCCCTAACATCGCCCCGCCAAACCACTCGCTT
12,1,36,attn,degradation,1.0205078125,0.9811007380485535,886,AGTACA,1.3525390625,0,AAAAAN,2.0,0,AAAAAN,2.0,4345,TCGCCN,0.04627825692296028,4665,TGGCCN,0.05394072085618973,4665,TGGCCN,0.05394072085618973,False,False,True,-0.001678265631198883,GCCGCCCCTAACATCGCCCCGCCAAACCACTCGCTT
12,2,36,attn,degradation,1.013671875,0.9295629858970642,886,AGTACA,1.3583984375,0,AAAAAN,2.0,0,AAAAAN,2.0,4345,TCGCCN,0.047732140868902206,4665,TGGCCN,0.054538432508707047,4665,TGGCCN,0.054538432508707047,False,False,True,0.0005618110299110413,GCCGCCCCTAACATCGCCCCGCCAAACCACTCGCTT
12,3,36,attn,degradation,1.0244140625,0.9075256586074829,886,AGTACA,1.3486328125,0,AAAAAN,2.0,0,AAAAAN,2.0,4345,TCGCCN,0.04776028171181679,4665,TGGCCN,0.05420047789812088,4665,TGGCCN,0.05420047789812088,False,False,True,-9.658187627792358e-05,GCCGCCCCTAACATCGCCCCGCCAAACCACTCGCTT
12,4,36,attn,degradation,1.021484375,0.9703955054283142,886,AGTACA,1.3515625,0,AAAAAN,2.0,0,AAAAAN,2.0,4345,TCGCCN,0.04744405299425125,4665,TGGCCN,0.054928675293922424,4665,TGGCCN,0.054928675293922424,False,False,True,-6.0655176639556885e-05,GCCGCCCCTAACATCGCCCCGCCAAACCACTCGCTT
12,5,36,attn,degradation,1.0126953125,1.0267449617385864,886,AGTACA,1.359375,0,AAAAAN,2.0,0,AAAAAN,2.0,4345,TCGCCN,0.046904515475034714,4665,TGGCCN,0.05532524362206459,4665,TGGCCN,0.05532524362206459,False,False,True,-2.3320317268371582e-05,GCCGCCCCTAACATCGCCCCGCCAAACCACTCGCTT
12,6,36,attn,degradation,0.99169921875,0.982690691947937,886,AGTACA,1.37890625,0,AAAAAN,2.0,0,AAAAAN,2.0,4345,TCGCCN,0.04719221964478493,4665,TGGCCN,0.05488109588623047,4665,TGGCCN,0.05488109588623047,False,False,True,0.00021502375602722168,GCCGCCCCTAACATCGCCCCGCCAAACCACTCGCTT
12,7,36,attn,degradation,0.93212890625,0.9442461729049683,886,AGTACA,1.43359375,0,AAAAAN,2.0,0,AAAAAN,2.0,4345,TCGCCN,0.047554221004247665,4665,TGGCCN,0.054604437202215195,4665,TGGCCN,0.054604437202215195,False,False,True,5.5305659770965576e-05,GCCGCCCCTAACATCGCCCCGCCAAACCACTCGCTT
12,8,36,attn,degradation,0.88623046875,0.9414896965026855,886,AGTACA,1.4755859375,0,AAAAAN,2.0,0,AAAAAN,2.0,4345,TCGCCN,0.04761654511094093,4665,TGGCCN,0.05462097004055977,4665,TGGCCN,0.05462097004055977,False,False,True,-0.0001872032880783081,GCCGCCCCTAACATCGCCCCCGCCAAACCACTCGCTT
12,9,36,attn,degradation,0.89892578125,0.9684833288192749,886,AGTACA,1.4638671875,0,AAAAAN,2.0,0,AAAAAN,2.0,4345,TCGCCN,0.04752999544143677,4665,TGGCCN,0.054982852190732956,4665,TGGCCN,0.054982852190732956,False,False,True,-0.00039170682430267334,GCCGCCCCTAACATCGCCCCCGCCAAACCACTCGCTT
12,10,36,attn,degradation,0.9296875,0.9511387944221497,886,AGTACA,1.435546875,0,AAAAAN,2.0,0,AAAAAN,2.0,4345,TCGCCN,0.0477728545665741,4665,TGGCCN,0.05493757501244545,4665,TGGCCN,0.05493757501244545,False,False,True,-0.00037267059087753296,GCCGCCCCTAACATCGCCCCCGCCAAACCACTCGCTT
12,11,36,attn,degradation,0.962890625,0.910178005695343,886,AGTACA,1.4052734375,0,AAAAAN,2.0,0,AAAAAN,2.0,4345,TCGCCN,0.04766446724534035,4665,TGGCCN,0.05414872616529465,4665,TGGCCN,0.05414872616529465,False,False,True,-0.0002619326114654541,GCCGCCCCTAACATCGCCCCCGCCAAACCACTCGCTT
12,12,36,attn,degradation,0.9619140625,0.9017479419708252,886,AGTACA,1.40625,0,AAAAAN,2.0,0,AAAAAN,2.0,4345,TCGCCN,0.04737690091133118,4665,TGGCCN,0.0537211149930954,4665,TGGCCN,0.0537211149930954,False,False,True,-0.00021482259035110474,GCCGCCCCTAACATCGCCCCCGCCAAACCACTCGCTT
12,13,36,attn,degradation,0.98486328125,0.9424884915351868,886,AGTACA,1.384765625,0,AAAAAN,2.0,0,AAAAAN,2.0,4345,TCGCCN,0.04710114747285843,4665,TGGCCN,0.054122164845466614,4665,TGGCCN,0.054122164845466614,False,False,True,-0.00021789222955703735,GCCGCCCCTAACATCGCCCCCGCCAAACCACTCGCTT
12,14,36,attn,degradation,0.97119140625,0.8857255578041077,886,AGTACA,1.3974609375,0,AAAAAN,2.0,0,AAAAAN,2.0,4345,TCGCCN,0.04769990220665932,4665,TGGCCN,0.053777944296598434,4665,TGGCCN,0.053777944296598434,False,False,True,-0.00044430047273635864,GCCGCCCCTAACATCGCCCCCGCCAAACCACTCGCTT
12,15,36,attn,degradation,0.966796875,0.8885324597358704,886,AGTACA,1.4013671875,0,AAAAAN,2.0,0,AAAAAN,2.0,4345,TCGCCN,0.04791058972477913,4665,TGGCCN,0.054035261273384094,4665,TGGCCN,0.054035261273384094,False,False,True,-0.0005770772695541382,GCCGCCCCTAACATCGCCCCGCCAAACCACTCGCTT
12,16,36,attn,degradation,0.9658203125,0.9043359756469727,886,AGTACA,1.40234375,0,AAAAAN,2.0,0,AAAAAN,2.0,4345,TCGCCN,0.04771026223897934,4665,TGGCCN,0.05409746989607811,4665,TGGCCN,0.05409746989607811,False,False,True,-0.0003094896674156189,GCCGCCCCTAACATCGCCCCGCCAAACCACTCGCTT
13,0,36,attn,degradation,1.0068359375,0.9096797108650208,886,AGTACA,1.365234375,0,AAAAAN,2.0,0,AAAAAN,2.0,4345,TCGCCN,0.04728417843580246,4665,TGGCCN,0.05376015976071358,4665,TGGCCN,0.05376015976071358,False,False,True,-0.003178190439939499,GCCGCCCCTAACATCGCCCCGCCAAACCACTCGCTT
13,1,36,attn,degradation,0.99267578125,0.9935111999511719,886,AGTACA,1.3779296875,0,AAAAAN,2.0,0,AAAAAN,2.0,4345,TCGCCN,0.04641472548246384,4665,TGGCCN,0.05428335815668106,4665,TGGCCN,0.05428335815668106,False,False,True,0.008158624172210693,GCCGCCCCTAACATCGCCCCGCCAAACCACTCGCTT
13,2,36,attn,degradation,0.98486328125,0.9665922522544861,886,AGTACA,1.384765625,0,AAAAAN,2.0,0,AAAAAN,2.0,4345,TCGCCN,0.04772699624300003,4665,TGGCCN,0.05514843761920929,4665,TGGCCN,0.05514843761920929,False,False,True,-0.0006831511855125427,GCCGCCCCTAACATCGCCCCGCCAAACCACTCGCTT
13,3,36,attn,degradation,0.99560546875,1.0076878070831299,886,AGTACA,1.375,0,AAAAAN,2.0,0,AAAAAN,2.0,4345,TCGCCN,0.04684583842754364,4665,TGGCCN,0.05494998022913933,4665,TGGCCN,0.05494998022913933,False,False,True,-0.0004655495285987854,GCCGCCCCTAACATCGCCCCGCCAAACCACTCGCTT
13,4,36,attn,degradation,1.0087890625,1.0060988664627075,886,AGTACA,1.36328125,0,AAAAAN,2.0,0,AAAAAN,2.0,4345,TCGCCN,0.04785972833633423,4665,TGGCCN,0.055937472730875015,4665,TGGCCN,0.055937472730875015,False,False,True,-0.0005807057023048401,GCCGCCCCTAACATCGCCCCGCCAAACCACTCGCTT
13,5,36,attn,degradation,1.001953125,0.9732743501663208,886,AGTACA,1.369140625,0,AAAAAN,2.0,0,AAAAAN,2.0,4345,TCGCCN,0.047651149332523346,4665,TGGCCN,0.05518359690904617,4665,TGGCCN,0.05518359690904617,False,False,True,-0.0006856583058834076,GCCGCCCCTAACATCGCCCCGCCAAACCACTCGCTT
13,6,36,attn,degradation,0.98486328125,0.9138657450675964,886,AGTACA,1.384765625,0,AAAAAN,2.0,0,AAAAAN,2.0,4345,TCGCCN,0.050428103655576706,4665,TGGCCN,0.05697362497448921,4665,TGGCCN,0.05697362497448921,False,False,True,-0.0009302571415901184,GCCGCCCCTAACATCGCCCCGCCAAACCACTCGCTT
13,7,36,attn,degradation,0.9306640625,0.9044617414474487,886,AGTACA,1.4345703125,0,AAAAAN,2.0,0,AAAAAN,2.0,4345,TCGCCN,0.04940163716673851,4665,TGGCCN,0.05579093471169472,4665,TGGCCN,0.05579093471169472,False,False,True,-0.0006999187171459198,GCCGCCCCTAACATCGCCCCGCCAAACCACTCGCTT
13,8,36,attn,degradation,0.9638671875,0.9469720721244812,886,AGTACA,1.404296875,0,AAAAAN,2.0,0,AAAAAN,2.0,4345,TCGCCN,0.04886902496218681,4665,TGGCCN,0.055964525789022446,4665,TGGCCN,0.055964525789022446,False,False,True,-0.0004336610436439514,GCCGCCCCTAACATCGCCCCGCCAAACCACTCGCTT
13,9,36,attn,degradation,0.98291015625,1.0624419450759888,886,AGTACA,1.38671875,0,AAAAAN,2.0,0,AAAAAN,2.0,4345,TCGCCN,0.04573209956288338,4665,TGGCCN,0.05474584549665451,4665,TGGCCN,0.05474584549665451,False,False,True,-0.0003102347254753113,GCCGCCCCTAACATCGCCCCGCCAAACCACTCGCTT
13,10,36,attn,degradation,1.0166015625,1.0873167514801025,886,AGTACA,1.35546875,0,AAAAAN,2.0,0,AAAAAN,2.0,4345,TCGCCN,0.045507803559303284,4665,TGGCCN,0.0549347810447216,4665,TGGCCN,0.0549347810447216,False,False,True,-0.0005410872399806976,GCCGCCCCTAACATCGCCCCGCCAAACCACTCGCTT
13,11,36,attn,degradation,0.98486328125,1.099563717842102,886,AGTACA,1.384765625,0,AAAAAN,2.0,0,AAAAAN,2.0,4345,TCGCCN,0.045012883841991425,4665,TGGCCN,0.05464331433176994,4665,TGGCCN,0.05464331433176994,False,False,True,-0.0007433556020259857,GCCGCCCCTAACATGGCCCCGCCAAACCACTCGCTT
13,12,36,attn,degradation,0.98291015625,1.0732725858688354,886,AGTACA,1.38671875,0,AAAAAN,2.0,0,AAAAAN,2.0,4345,TCGCCN,0.045711398124694824,4665,TGGCCN,0.05490506812930107,4665,TGGCCN,0.05490506812930107,False,False,True,-0.0005314983427524567,GCCGCCCCTAACATCGCCCCGCCAAACCACTCGCTT
13,13,36,attn,degradation,0.98291015625,1.0087151527404785,886,AGTACA,1.38671875,0,AAAAAN,2.0,0,AAAAAN,2.0,4345,TCGCCN,0.04631609097123146,4665,TGGCCN,0.0544372983276844,4665,TGGCCN,0.0544372983276844,False,False,True,-0.0005616359412670135,GCCGCCCCTAACATCGCCCCGCCAAACCACTCGCTT
13,14,36,attn,degradation,0.99169921875,0.9909563660621643,886,AGTACA,1.37890625,0,AAAAAN,2.0,0,AAAAAN,2.0,4345,TCGCCN,0.046789299696683884,4665,TGGCCN,0.05461549013853073,4665,TGGCCN,0.05461549013853073,False,False,True,-0.0003494471311569214,GCCGCCCCTAACATCGCCCCGCCAAACCACTCGCTT
13,15,36,attn,degradation,0.98388671875,0.9364497661590576,886,AGTACA,1.3857421875,0,AAAAAN,2.0,0,AAAAAN,2.0,4345,TCGCCN,0.04748786613345146,4665,TGGCCN,0.054408565163612366,4665,TGGCCN,0.054408565163612366,False,False,True,-0.00043382495641708374,GCCGCCCCTAACATCGCCCCGCCAAACCACTCGCTT
13,16,36,attn,degradation,0.99267578125,0.9828967452049255,886,AGTACA,1.3779296875,0,AAAAAN,2.0,0,AAAAAN,2.0,4345,TCGCCN,0.04722351208329201,4665,TGGCCN,0.054915811866521835,4665,TGGCCN,0.054915811866521835,False,False,True,-0.00012326985597610474,GCCGCCCCTAACATCGCCCCGCCAAACCACTCGCTT
14,0,36,attn,degradation,0.99560546875,0.9903255701065063,886,AGTACA,1.375,0,AAAAAN,2.0,0,AAAAAN,2.0,4345,TCGCCN,0.04608800262212753,4665,TGGCCN,0.05390371382236481,4665,TGGCCN,0.05390371382236481,False,False,True,-0.006911616772413254,GCCGCCCCTAACATCGCCCCGCCAAACCACTCGCTT
14,1,36,attn,degradation,0.98486328125,1.0411908626556396,886,AGTACA,1.384765625,0,AAAAAN,2.0,0,AAAAAN,2.0,4345,TCGCCN,0.04582875967025757,4665,TGGCCN,0.05448947101831436,4665,TGGCCN,0.05448947101831436,False,False,True,-0.005807172507047653,GCCGCCCCTAACATCGCCCCGCCAAACCACTCGCTT
14,2,36,attn,degradation,0.99365234375,0.9079324007034302,886,AGTACA,1.376953125,0,AAAAAN,2.0,0,AAAAAN,2.0,4345,TCGCCN,0.04832514002919197,4665,TGGCCN,0.05477209389209747,4665,TGGCCN,0.05477209389209747,False,False,True,-0.00035462528467178345,GCCGCCCCTAACATCGCCCCGCCAAACCACTCGCTT
14,3,36,attn,degradation,0.9990234375,0.9583019018173218,886,AGTACA,1.3720703125,0,AAAAAN,2.0,0,AAAAAN,2.0,4345,TCGCCN,0.04748685285449028,4665,TGGCCN,0.0547705702483654,4665,TGGCCN,0.0547705702483654,False,False,True,0.00047034770250320435,GCCGCCCCTAACATCGCCCCGCCAAACCACTCGCTT
14,4,36,attn,degradation,1.00390625,0.9288575053215027,886,AGTACA,1.3671875,0,AAAAAN,2.0,0,AAAAAN,2.0,4345,TCGCCN,0.04842478036880493,4665,TGGCCN,0.05521935224533081,4665,TGGCCN,0.05521935224533081,False,False,True,0.00022908300161361694,GCCGCCCCTAACATCGCCCCGCCAAACCACTCGCTT
14,5,36,attn,degradation,0.998046875,0.9839000105857849,886,AGTACA,1.373046875,0,AAAAAN,2.0,0,AAAAAN,2.0,4345,TCGCCN,0.04866991564631462,4665,TGGCCN,0.05637888237833977,4665,TGGCCN,0.05637888237833977,False,False,True,-0.00022143125534057617,GCCGCCCCTAACATCGCCCCGCCAAACCACTCGCTT
14,6,36,attn,degradation,0.97021484375,0.6845030784606934,886,AGTACA,1.3984375,0,AAAAAN,2.0,0,AAAAAN,2.0,4345,TCGCCN,0.05321187898516655,4665,TGGCCN,0.055947110056877136,4665,TGGCCN,0.055947110056877136,False,False,True,-0.00043010711669921875,GCCGCCCCTAACATCGCCCCGCCAAACCACTCGCTT
14,7,36,attn,degradation,0.8681640625,0.670464813709259,886,AGTACA,1.4921875,0,AAAAAN,2.0,0,AAAAAN,2.0,4345,TCGCCN,0.05213528871536255,4665,TGGCCN,0.05463730916380882,4665,TGGCCN,0.05463730916380882,False,False,True,-0.0002140328288078308,GCCGCCCCTAACATCGCCCCGCCAAACCACTCGCTT
14,8,36,attn,degradation,0.87548828125,0.7293834090232849,886,AGTACA,1.4853515625,0,AAAAAN,2.0,0,AAAAAN,2.0,4345,TCGCCN,0.05049189180135727,4665,TGGCCN,0.053972698748111725,4665,TGGCCN,0.053972698748111725,False,False,True,-0.00026860088109970093,GCCGCCCCTAACATCGCCCCGCCAAACCACTCGCTT
14,9,36,attn,degradation,0.8935546875,0.9875803589820862,886,AGTACA,1.46875,0,AAAAAN,2.0,0,AAAAAN,2.0,4345,TCGCCN,0.04609056934714317,4665,TGGCCN,0.05386067554354668,4665,TGGCCN,0.05386067554354668,False,False,True,-0.000532492995262146,GCCGCCCCTAACATCGCCCCGCCAAACCACTCGCTT
14,10,36,attn,degradation,0.9765625,0.9779521226882935,886,AGTACA,1.392578125,0,AAAAAN,2.0,0,AAAAAN,2.0,4345,TCGCCN,0.04621042311191559,4665,TGGCCN,0.05382058024406433,4665,TGGCCN,0.05382058024406433,False,False,True,-0.000705033540725708,GCCGCCCCTAACATCGCCCCGCCAAACCACTCGCTT
14,11,36,attn,degradation,0.953125,0.8899492025375366,886,AGTACA,1.4140625,0,AAAAAN,2.0,0,AAAAAN,2.0,4345,TCGCCN,0.04666002094745636,4665,TGGCCN,0.05280822888016701,4665,TGGCCN,0.05280822888016701,False,False,True,-0.0007343403995037079,GCCGCCCCTAACATCGCCCCCGCCAAACCACTCGCTT
14,12,36,attn,degradation,0.955078125,0.8718422651290894,886,AGTACA,1.412109375,0,AAAAAN,2.0,0,AAAAAN,2.0,4345,TCGCCN,0.04687601327896118,4665,TGGCCN,0.052723418921232224,4665,TGGCCN,0.052723418921232224,False,False,True,-0.000471554696559906,GCCGCCCCTAACATCGCCCCCGCCAAACCACTCGCTT
14,13,36,attn,degradation,0.96826171875,0.8677858710289001,886,AGTACA,1.400390625,0,AAAAAN,2.0,0,AAAAAN,2.0,4345,TCGCCN,0.04706033319234848,4665,TGGCCN,0.052840352058410645,4665,TGGCCN,0.052840352058410645,False,False,True,-8.746236562728882e-05,GCCGCCCCTAACATCGCCCCCGCCAAACCACTCGCTT
14,14,36,attn,degradation,0.9892578125,0.887738823890686,886,AGTACA,1.380859375,0,AAAAAN,2.0,0,AAAAAN,2.0,4345,TCGCCN,0.0478396899998188,4665,TGGCCN,0.05395117774605751,4665,TGGCCN,0.05395117774605751,False,False,True,4.822760820388794e-05,GCCGCCCCTAACATCGCCCCGCCAAACCACTCGCTT
14,15,36,attn,degradation,0.99267578125,0.9110915660858154,886,AGTACA,1.3779296875,0,AAAAAN,2.0,0,AAAAAN,2.0,4345,TCGCCN,0.04758196696639061,4665,TGGCCN,0.054081402719020844,4665,TGGCCN,0.054081402719020844,False,False,True,-3.5434961318969727e-05,GCCGCCCCTAACATCGCCCCGCCAAACCACTCGCTT
14,16,36,attn,degradation,0.99462890625,0.9459872245788574,886,AGTACA,1.3759765625,0,AAAAAN,2.0,0,AAAAAN,2.0,4345,TCGCCN,0.04745755344629288,4665,TGGCCN,0.054536692798137665,4665,TGGCCN,0.054536692798137665,False,False,True,-2.3014843463897705e-05,GCCGCCCCTAACATCGCCCCGCCAAACCACTCGCTT
15,0,36,attn,degradation,0.998046875,0.9447946548461914,886,AGTACA,1.373046875,0,AAAAAN,2.0,0,AAAAAN,2.0,4345,TCGCCN,0.04708113893866539,4665,TGGCCN,0.05414046719670296,4665,TGGCCN,0.05414046719670296,False,False,True,-0.004082813858985901,GCCGCCCCTAACATCGCCCCGCCAAACCACTCGCTT
15,1,36,attn,degradation,0.9990234375,0.9722726345062256,886,AGTACA,1.3720703125,0,AAAAAN,2.0,0,AAAAAN,2.0,4345,TCGCCN,0.046786677092313766,4665,TGGCCN,0.054302483797073364,4665,TGGCCN,0.054302483797073364,False,False,True,-0.0034363120794296265,GCCGCCCCTAACATCGCCCCGCCAAACCACTCGCTT
15,2,36,attn,degradation,0.9873046875,0.8999826908111572,886,AGTACA,1.3828125,0,AAAAAN,2.0,0,AAAAAN,2.0,4345,TCGCCN,0.047724802047014236,4665,TGGCCN,0.054039690643548965,4665,TGGCCN,0.054039690643548965,False,False,True,7.116049528121948e-05,GCCGCCCCTAACATCGCCCCGCCAAACCACTCGCTT
15,3,36,attn,degradation,0.9873046875,0.9130246043205261,886,AGTACA,1.3828125,0,AAAAAN,2.0,0,AAAAAN,2.0,4345,TCGCCN,0.047653667628765106,4665,TGGCCN,0.05418521538376808,4665,TGGCCN,0.05418521538376808,False,False,True,-2.4497509002685547e-05,GCCGCCCCTAACATCGCCCCGCCAAACCACTCGCTT
15,4,36,attn,degradation,0.98291015625,0.9287216067314148,886,AGTACA,1.38671875,0,AAAAAN,2.0,0,AAAAAN,2.0,4345,TCGCCN,0.04790932312607765,4665,TGGCCN,0.05470163747668266,4665,TGGCCN,0.05470163747668266,False,False,True,-6.169825792312622e-05,GCCGCCCCTAACATCGCCCCGCCAAACCACTCGCTT
15,5,36,attn,degradation,0.9873046875,1.1415461301803589,886,AGTACA,1.3828125,0,AAAAAN,2.0,0,AAAAAN,2.0,4345,TCGCCN,0.04567359387874603,4665,TGGCCN,0.0560014583170414,4665,TGGCCN,0.0560014583170414,False,False,True,0.00011047720909118652,GCCGCCCCTAACATGGCCCCGCCAAACCACTCGCTT
15,6,36,attn,degradation,1.0,1.118140697479248,886,AGTACA,1.37109375,0,AAAAAN,2.0,0,AAAAAN,2.0,4345,TCGCCN,0.0465238131582737,4665,TGGCCN,0.0564628541469574,4665,TGGCCN,0.0564628541469574,False,False,True,0.00013006478548049927,GCCGCCCCTAACATGGCCCCGCCAAACCACTCGCTT
15,7,36,attn,degradation,0.94140625,1.0765042304992676,886,AGTACA,1.4248046875,0,AAAAAN,2.0,0,AAAAAN,2.0,4345,TCGCCN,0.0458696149289608,4665,TGGCCN,0.05511697009205818,4665,TGGCCN,0.05511697009205818,False,False,True,-4.251301288604736e-05,GCCGCCCCTAACATGGCCCCGCCAAACCACTCGCTT
15,8,36,attn,degradation,0.94140625,0.9392939209938049,886,AGTACA,1.4248046875,0,AAAAAN,2.0,0,AAAAAN,2.0,4345,TCGCCN,0.04704379662871361,4665,TGGCCN,0.054011743515729904,4665,TGGCCN,0.054011743515729904,False,False,True,-0.00025306642055511475,GCCGCCCCTAACATCGCCCCGCCAAACCACTCGCTT
15,9,36,attn,degradation,0.927734375,0.9029629230499268,886,AGTACA,1.4375,0,AAAAAN,2.0,0,AAAAAN,2.0,4345,TCGCCN,0.04589926451444626,4665,TGGCCN,0.052263662219047546,4665,TGGCCN,0.052263662219047546,False,False,True,-0.00039124488830566406,GCCGCCCCTAACATCGCCCCGCCAAACCACTCGCTT
15,10,36,attn,degradation,0.98193359375,0.9060103893280029,886,AGTACA,1.3876953125,0,AAAAAN,2.0,0,AAAAAN,2.0,4345,TCGCCN,0.04648564010858536,4665,TGGCCN,0.05290066450834274,4665,TGGCCN,0.05290066450834274,False,False,True,-0.00025988370180130005,GCCGCCCCTAACATCGCCCCGCCAAACCACTCGCTT
15,11,36,attn,degradation,0.98193359375,0.9214625358581543,886,AGTACA,1.3876953125,0,AAAAAN,2.0,0,AAAAAN,2.0,4345,TCGCCN,0.046822745352983475,4665,TGGCCN,0.053494468331336975,4665,TGGCCN,0.053494468331336975,False,False,True,-0.0003790855407714844,GCCGCCCCTAACATCGCCCCGCCAAACCACTCGCTT
15,12,36,attn,degradation,0.98828125,0.9805769324302673,886,AGTACA,1.3818359375,0,AAAAAN,2.0,0,AAAAAN,2.0,4345,TCGCCN,0.04690517857670784,4665,TGGCCN,0.05455894023180008,4665,TGGCCN,0.05455894023180008,False,False,True,-0.00022035837173461914,GCCGCCCCTAACATCGCCCCGCCAAACCACTCGCTT
15,13,36,attn,degradation,0.9873046875,0.9720271229743958,886,AGTACA,1.3828125,0,AAAAAN,2.0,0,AAAAAN,2.0,4345,TCGCCN,0.0472295880317688,4665,TGGCCN,0.05474131554365158,4665,TGGCCN,0.05474131554365158,False,False,True,-9.174644947052002e-05,GCCGCCCCTAACATCGCCCCGCCAAACCACTCGCTT
15,14,36,attn,degradation,0.9892578125,1.0068726539611816,886,AGTACA,1.380859375,0,AAAAAN,2.0,0,AAAAAN,2.0,4345,TCGCCN,0.047241322696208954,4665,TGGCCN,0.05533192306756973,4665,TGGCCN,0.05533192306756973,False,False,True,-4.632771015167236e-05,GCCGCCCCTAACATCGCCCCGCCAAACCACTCGCTT
15,15,36,attn,degradation,0.98828125,0.9959707260131836,886,AGTACA,1.3818359375,0,AAAAAN,2.0,0,AAAAAN,2.0,4345,TCGCCN,0.04741349071264267,4665,TGGCCN,0.055322982370853424,4665,TGGCCN,0.055322982370853424,False,False,True,-6.463378667831421e-05,GCCGCCCCTAACATCGCCCCGCCAAACCACTCGCTT
15,16,36,attn,degradation,0.9990234375,1.0346417427062988,886,AGTACA,1.3720703125,0,AAAAAN,2.0,0,AAAAAN,2.0,4345,TCGCCN,0.04707782715559006,4665,TGGCCN,0.05562974140048027,4665,TGGCCN,0.05562974140048027,False,False,True,-2.053380012512207e-05,GCCGCCCCTAACATCGCCCCGCCAAACCACTCGCTT
16,0,36,attn,degradation,0.9990234375,0.9925790429115295,886,AGTACA,1.3720703125,0,AAAAAN,2.0,0,AAAAAN,2.0,4345,TCGCCN,0.046945441514253616,4665,TGGCCN,0.054798588156700134,4665,TGGCCN,0.054798588156700134,False,False,True,-0.018591266125440598,GCCGCCCCTAACATCGCCCCGCCAAACCACTCGCTT
16,1,36,attn,degradation,0.998046875,0.9669216871261597,886,AGTACA,1.373046875,0,AAAAAN,2.0,0,AAAAAN,2.0,4345,TCGCCN,0.047321923077106476,4665,TGGCCN,0.054748836904764175,4665,TGGCCN,0.054748836904764175,False,False,True,-0.005642972886562347,GCCGCCCCTAACATCGCCCCGCCAAACCACTCGCTT
16,2,36,attn,degradation,0.99462890625,1.016998529434204,886,AGTACA,1.3759765625,0,AAAAAN,2.0,0,AAAAAN,2.0,4345,TCGCCN,0.04641186445951462,4665,TGGCCN,0.054670680314302444,4665,TGGCCN,0.054670680314302444,False,False,True,0.0009082034230232239,GCCGCCCCTAACATCGCCCCGCCAAACCACTCGCTT
16,3,36,attn,degradation,1.0048828125,1.0275975465774536,886,AGTACA,1.3662109375,0,AAAAAN,2.0,0,AAAAAN,2.0,4345,TCGCCN,0.04661402106285095,4665,TGGCCN,0.05504891276359558,4665,TGGCCN,0.05504891276359558,False,False,True,-0.0007524378597736359,GCCGCCCCTAACATCGCCCCGCCAAACCACTCGCTT
16,4,36,attn,degradation,0.99560546875,1.0325950384140015,886,AGTACA,1.375,0,AAAAAN,2.0,0,AAAAAN,2.0,4345,TCGCCN,0.04666360467672348,4665,TGGCCN,0.05518151819705963,4665,TGGCCN,0.05518151819705963,False,False,True,-0.0010598637163639069,GCCGCCCCTAACATCGCCCCGCCAAACCACTCGCTT
16,5,36,attn,degradation,0.99560546875,0.9114129543304443,886,AGTACA,1.375,0,AAAAAN,2.0,0,AAAAAN,2.0,4345,TCGCCN,0.04915986210107803,4665,TGGCCN,0.05566463619470596,4665,TGGCCN,0.05566463619470596,False,False,True,-0.0009166263043880463,GCCGCCCCTAACATCGCCCCGCCAAACCACTCGCTT
16,6,36,attn,degradation,0.9140625,0.8576474785804749,886,AGTACA,1.4501953125,0,AAAAAN,2.0,0,AAAAAN,2.0,4345,TCGCCN,0.04988669231534004,4665,TGGCCN,0.055498287081718445,4665,TGGCCN,0.055498287081718445,False,False,True,-0.0005123689770698547,GCCGCCCCTAACATCGCCCCGCCAAACCACTCGCTT
16,7,36,attn,degradation,0.78955078125,0.8657701015472412,886,AGTACA,1.564453125,0,AAAAAN,2.0,0,AAAAAN,2.0,4345,TCGCCN,0.04918251186609268,4665,TGGCCN,0.05492904409766197,4665,TGGCCN,0.05492904409766197,False,False,True,-0.00026297569274902344,GCCGCCCCTAACATCGCCCCGCCAAACCACTCGCTT
16,8,36,attn,degradation,0.810546875,0.9515334963798523,886,AGTACA,1.544921875,0,AAAAAN,2.0,0,AAAAAN,2.0,4345,TCGCCN,0.04736187681555748,4665,TGGCCN,0.054533153772354126,4665,TGGCCN,0.054533153772354126,False,False,True,-0.0004905536770820618,GCCGCCCCTAACATCGCCCCGCCAAACCACTCGCTT
16,9,36,attn,degradation,0.87890625,1.058054804801941,886,AGTACA,1.482421875,0,AAAAAN,2.0,0,AAAAAN,2.0,4345,TCGCCN,0.0458420030772686,4665,TGGCCN,0.054782867431640625,4665,TGGCCN,0.054782867431640625,False,False,True,-0.0007419288158416748,GCCGCCCCTAACATCGCCCCGCCAAACCACTCGCTT
16,10,36,attn,degradation,1.0068359375,1.055506706237793,886,AGTACA,1.365234375,0,AAAAAN,2.0,0,AAAAAN,2.0,4345,TCGCCN,0.04595990851521492,4665,TGGCCN,0.05485844239592552,4665,TGGCCN,0.05485844239592552,False,False,True,-0.0006656050682067871,GCCGCCCCTAACATCGCCCCGCCAAACCACTCGCTT
16,11,36,attn,degradation,0.99365234375,1.0942329168319702,886,AGTACA,1.376953125,0,AAAAAN,2.0,0,AAAAAN,2.0,4345,TCGCCN,0.04583820700645447,4665,TGGCCN,0.05538007989525795,4665,TGGCCN,0.05538007989525795,False,False,True,-0.0005639679729938507,GCCGCCCCTAACATGGCCCCGCCAAACCACTCGCTT
16,12,36,attn,degradation,0.9990234375,1.0596678256988525,886,AGTACA,1.3720703125,0,AAAAAN,2.0,0,AAAAAN,2.0,4345,TCGCCN,0.04641732946038246,4665,TGGCCN,0.05538498982787132,4665,TGGCCN,0.05538498982787132,False,False,True,-0.00011836737394332886,GCCGCCCCTAACATCGCCCCCGCCAAACCACTCGCTT
16,13,36,attn,degradation,0.99267578125,1.0949233770370483,886,AGTACA,1.3779296875,0,AAAAAN,2.0,0,AAAAAN,2.0,4345,TCGCCN,0.04654794931411743,4665,TGGCCN,0.05610129237174988,4665,TGGCCN,0.05610129237174988,False,False,True,-0.0003454163670539856,GCCGCCCCTAACATGGCCCCGCCAAACCACTCGCTT
16,14,36,attn,degradation,0.99169921875,1.030976414680481,886,AGTACA,1.37890625,0,AAAAAN,2.0,0,AAAAAN,2.0,4345,TCGCCN,0.047140080481767654,4665,TGGCCN,0.05563110485672951,4665,TGGCCN,0.05563110485672951,False,False,True,-0.00029290467500686646,GCCGCCCCTAACATCGCCCCGCCAAACCACTCGCTT
16,15,36,attn,degradation,0.99169921875,1.0179623365402222,886,AGTACA,1.37890625,0,AAAAAN,2.0,0,AAAAAN,2.0,4345,TCGCCN,0.04711030796170235,4665,TGGCCN,0.05538513511419296,4665,TGGCCN,0.05538513511419296,False,False,True,-0.0002866685390472412,GCCGCCCCTAACATCGCCCCGCCAAACCACTCGCTT
16,16,36,attn,degradation,0.9990234375,1.0012730360031128,886,AGTACA,1.3720703125,0,AAAAAN,2.0,0,AAAAAN,2.0,4345,TCGCCN,0.047220051288604736,4665,TGGCCN,0.05521762743592262,4665,TGGCCN,0.05521762743592262,False,False,True,-7.646530866622925e-05,GCCGCCCCTAACATCGCCCCGCCAAACCACTCGCTT
17,0,36,attn,degradation,1.0,0.9489463567733765,886,AGTACA,1.37109375,0,AAAAAN,2.0,0,AAAAAN,2.0,4345,TCGCCN,0.04802415147423744,4665,TGGCCN,0.05515244975686073,4665,TGGCCN,0.05515244975686073,False,False,True,-0.01303822174668312,GCCGCCCCTAACATCGCCCCGCCAAACCACTCGCTT
17,1,36,attn,degradation,1.0,0.9707959890365601,886,AGTACA,1.37109375,0,AAAAAN,2.0,0,AAAAAN,2.0,4345,TCGCCN,0.047449033707380295,4665,TGGCCN,0.05494030937552452,4665,TGGCCN,0.05494030937552452,False,False,True,-0.009065281599760056,GCCGCCCCTAACATCGCCCCGCCAAACCACTCGCTT
17,2,36,attn,degradation,1.0,0.9077142477035522,886,AGTACA,1.37109375,0,AAAAAN,2.0,0,AAAAAN,2.0,4345,TCGCCN,0.047795798629522324,4665,TGGCCN,0.05423912778496742,4665,TGGCCN,0.05423912778496742,False,False,True,-0.0006521902978420258,GCCGCCCCTAACATCGCCCCGCCAAACCACTCGCTT
17,3,36,attn,degradation,1.0,0.9645018577575684,886,AGTACA,1.37109375,0,AAAAAN,2.0,0,AAAAAN,2.0,4345,TCGCCN,0.046997085213661194,4665,TGGCCN,0.05438379943370819,4665,TGGCCN,0.05438379943370819,False,False,True,-0.0005871132016181946,GCCGCCCCTAACATCGCCCCGCCAAACCACTCGCTT
17,4,36,attn,degradation,1.0,0.9087585210800171,886,AGTACA,1.37109375,0,AAAAAN,2.0,0,AAAAAN,2.0,4345,TCGCCN,0.04731627181172371,4665,TGGCCN,0.053776949644088745,4665,TGGCCN,0.053776949644088745,False,False,True,-0.0007187314331531525,GCCGCCCCTAACATCGCCCCGCCAAACCACTCGCTT
17,5,36,attn,degradation,1.0,0.8365517258644104,886,AGTACA,1.37109375,0,AAAAAN,2.0,0,AAAAAN,2.0,4345,TCGCCN,0.04713379964232445,4665,TGGCCN,0.052394941449165344,4665,TGGCCN,0.052394941449165344,False,False,True,-0.0009393952786922455,GCCGCCCCTAACATCGCCCCGCCAAACCACTCGCTT
17,6,36,attn,degradation,1.0,0.8302470445632935,886,AGTACA,1.37109375,0,AAAAAN,2.0,0,AAAAAN,2.0,4345,TCGCCN,0.04858151450753212,4665,TGGCCN,0.05373791977763176,4665,TGGCCN,0.05373791977763176,False,False,True,-0.0005897507071495056,GCCGCCCCTAACATCGCCCCGCCAAACCACTCGCTT
17,7,36,attn,degradation,0.8212890625,0.8817550539970398,886,AGTACA,1.53515625,0,AAAAAN,2.0,0,AAAAAN,2.0,4345,TCGCCN,0.04824924096465111,4665,TGGCCN,0.05426132306456566,4665,TGGCCN,0.05426132306456566,False,False,True,-0.00023987144231796265,GCCGCCCCTAACATCGCCCCGCCAAACCACTCGCTT
17,8,36,attn,degradation,0.8212890625,0.87911456823349,886,AGTACA,1.53515625,0,AAAAAN,2.0,0,AAAAAN,2.0,4345,TCGCCN,0.04780503734946251,4665,TGGCCN,0.05377325415611267,4665,TGGCCN,0.05377325415611267,False,False,True,-3.4049153327941895e-05,GCCGCCCCTAACATCGCCCCGCCAAACCACTCGCTT
17,9,36,attn,degradation,0.8212890625,0.8097191452980042,886,AGTACA,1.53515625,0,AAAAAN,2.0,0,AAAAAN,2.0,4345,TCGCCN,0.04584953933954239,4665,TGGCCN,0.05066492408514023,4665,TGGCCN,0.05066492408514023,False,False,True,-0.00035181641578674316,GCCGCCCCTAACATCGCCCCGCCAAACCACTCGCTT
17,10,36,attn,degradation,1.0,0.7669022679328918,886,AGTACA,1.37109375,0,AAAAAN,2.0,0,AAAAAN,2.0,4345,TCGCCN,0.04611846059560776,4665,TGGCCN,0.050222549587488174,4665,TGGCCN,0.050222549587488174,False,False,True,-0.00030772387981414795,GCCGCCCCTAACATCGCCCCGCCAAACCACTCGCTT
17,11,36,attn,degradation,1.0,0.9486048221588135,886,AGTACA,1.37109375,0,AAAAAN,2.0,0,AAAAAN,2.0,4345,TCGCCN,0.04610840976238251,4665,TGGCCN,0.05323103442788124,4665,TGGCCN,0.05323103442788124,False,False,True,-0.0001951754093170166,GCCGCCCCTAACATCGCCCCGCCAAACCACTCGCTT
17,12,36,attn,degradation,1.0,1.0183733701705933,886,AGTACA,1.37109375,0,AAAAAN,2.0,0,AAAAAN,2.0,4345,TCGCCN,0.04608369246125221,4665,TGGCCN,0.05436534807085991,4665,TGGCCN,0.05436534807085991,False,False,True,-5.438923835754395e-07,GCCGCCCCTAACATCGCCCCGCCAAACCACTCGCTT
17,13,36,attn,degradation,1.0,1.0628429651260376,886,AGTACA,1.37109375,0,AAAAAN,2.0,0,AAAAAN,2.0,4345,TCGCCN,0.045504290610551834,4665,TGGCCN,0.05452469736337662,4665,TGGCCN,0.05452469736337662,False,False,True,-0.00012652575969696045,GCCGCCCCTAACATGGCCCCGCCAAACCACTCGCTT
17,14,36,attn,degradation,1.0,0.9854118824005127,886,AGTACA,1.37109375,0,AAAAAN,2.0,0,AAAAAN,2.0,4345,TCGCCN,0.04422589763998985,4665,TGGCCN,0.05195998027920723,4665,TGGCCN,0.05195998027920723,False,False,True,-0.00020970404148101807,GCCGCCCCTAACATCGCCCCGCCAAACCACTCGCTT
17,15,36,attn,degradation,1.0,0.9792978167533875,886,AGTACA,1.37109375,0,AAAAAN,2.0,0,AAAAAN,2.0,4345,TCGCCN,0.044585149735212326,4665,TGGCCN,0.05221766233444214,4665,TGGCCN,0.05221766233444214,False,False,True,-0.00019990652799606323,GCCGCCCCTAACATCGCCCCGCCAAACCACTCGCTT
17,16,36,attn,degradation,1.0,0.9825312495231628,886,AGTACA,1.37109375,0,AAAAAN,2.0,0,AAAAAN,2.0,4345,TCGCCN,0.04497402533888817,4665,TGGCCN,0.0526602528989315,4665,TGGCCN,0.0526602528989315,False,False,True,-0.00013890117406845093,GCCGCCCCTAACATCGCCCCGCCAAACCACTCGCTT
