Layer,Time_Offset,Target_Timestep,Component,Metric_Mode,Logit_Score,Posteriors_Score,Target_Transition_Prior,Target_String_Prior,Target_Logit,Wrong_Transition_Prior,Wrong_String_Prior,Wrong_Logit,Actual_Argmax_Prior,Actual_String_Prior,Actual_Argmax_Logit,Target_Transition_Post,Target_String_Post,Target_Prob,Wrong_Transition_Post,Wrong_String_Post,Wrong_Prob,Actual_Transition_Post,actual_String_Post,actual_Prob,Is_Target_Logit_Argmax,Is_Target_Prob_Argmax,Should_Decode,Global_MSE_Change,New_String
0,0,37,mlp,recovery,0.0,0.006693422794342041,0,AAAAAN,2.0,0,AAAAAN,2.0,0,AAAAAN,2.0,2905,GCACCN,0.09385348856449127,1385,CACCCN,0.2679436504840851,1385,CACCCN,0.2679436504840851,True,False,True,-0.0010916590690612793,CAGCACACCCCACCGCACCCCCCACCACACAAACGGCCGCGC
0,1,37,mlp,recovery,0.0,0.004000961780548096,0,AAAAAN,2.0,0,AAAAAN,2.0,0,AAAAAN,2.0,2905,GCACCN,0.09227962791919708,1385,CACCCN,0.267121821641922,1385,CACCCN,0.267121821641922,True,False,True,-0.0009036660194396973,CAGCACACCCCACCGCACCCCCCACCACACAAACGGCCGCGC
0,2,37,mlp,recovery,0.0,-0.010639071464538574,0,AAAAAN,2.0,0,AAAAAN,2.0,0,AAAAAN,2.0,2905,GCACCN,0.09158658981323242,1385,CACCCN,0.2705179452896118,1385,CACCCN,0.2705179452896118,True,False,True,-0.0013391375541687012,CAGCACACCCCACCGCACCCCCCACCACACAAACGGCCGCGC
0,3,37,mlp,recovery,0.0,-0.014299154281616211,0,AAAAAN,2.0,0,AAAAAN,2.0,0,AAAAAN,2.0,2905,GCACCN,0.09316547960042953,1385,CACCCN,0.27311915159225464,1385,CACCCN,0.27311915159225464,True,False,True,-0.0033527612686157227,CAGCACACCCCACCGCACCCCCCACCACACAAACGGCCGCGC
0,4,37,mlp,recovery,0.0,0.2140759825706482,0,AAAAAN,2.0,0,AAAAAN,2.0,0,AAAAAN,2.0,2905,GCACCN,0.11132015287876129,1385,CACCCN,0.22748541831970215,1385,CACCCN,0.22748541831970215,True,False,True,-0.024260103702545166,CAGCACACCCCACCGCACCCCCCACCCACACAAACGGCCGCGC
0,5,37,mlp,recovery,0.0,0.6697970628738403,0,AAAAAN,2.0,0,AAAAAN,2.0,0,AAAAAN,2.0,2905,GCACCN,0.17180302739143372,1385,CACCCN,0.16067896783351898,2905,GCACCN,0.17180302739143372,True,True,False,-0.43912501633167267,
0,6,37,mlp,recovery,0.0,0.818244218826294,0,AAAAAN,2.0,0,AAAAAN,2.0,0,AAAAAN,2.0,2905,GCACCN,0.19884341955184937,1385,CACCCN,0.1462559700012207,2905,GCACCN,0.19884341955184937,True,True,False,-0.4391276091337204,
0,7,37,mlp,recovery,0.0,0.7495652437210083,0,AAAAAN,2.0,0,AAAAAN,2.0,0,AAAAAN,2.0,2905,GCACCN,0.20179204642772675,1385,CACCCN,0.16838760673999786,2905,GCACCN,0.20179204642772675,True,True,False,-0.3498573303222656,
0,8,37,mlp,recovery,0.0,0.2800387144088745,0,AAAAAN,2.0,0,AAAAAN,2.0,0,AAAAAN,2.0,2905,GCACCN,0.15752285718917847,1385,CACCCN,0.2552638053894043,1385,CACCCN,0.2552638053894043,True,False,True,-0.012773633003234863,CAGCACACCCCACCGCACCCCCCACACACAAACGGCCGCGC
0,9,37,mlp,recovery,0.0,0.02941662073135376,0,AAAAAN,2.0,0,AAAAAN,2.0,0,AAAAAN,2.0,2905,GCACCN,0.10018942505121231,1385,CACCCN,0.267932653427124,1385,CACCCN,0.267932653427124,True,False,True,-0.002637147903442383,CAGCACACCCCACCGCACCCCCCACCACACAAACGGCCGCGC
0,10,37,mlp,recovery,0.0,0.004488170146942139,0,AAAAAN,2.0,0,AAAAAN,2.0,0,AAAAAN,2.0,2905,GCACCN,0.09905650466680527,1385,CACCCN,0.27376261353492737,1385,CACCCN,0.27376261353492737,True,False,True,-0.0004793405532836914,CAGCACACCCCACCGCACCCCCCACCACACAAACGGCCGCGC
0,11,37,mlp,recovery,0.0,-0.0020378828048706055,0,AAAAAN,2.0,0,AAAAAN,2.0,0,AAAAAN,2.0,2905,GCACCN,0.09725718200206757,1385,CACCCN,0.27378609776496887,1385,CACCCN,0.27378609776496887,True,False,True,-0.0022788047790527344,CAGCACACCCCACCGCACCCCCCACCACACAAACGGCCGCGC
0,12,37,mlp,recovery,0.0,-0.01461935043334961,0,AAAAAN,2.0,0,AAAAAN,2.0,0,AAAAAN,2.0,2905,GCACCN,0.09550249576568604,1385,CACCCN,0.275545597076416,1385,CACCCN,0.275545597076416,True,False,True,-0.005946755409240723,CAGCACACCCCACCGCACCCCCCACCACACAAACGGCCGCGC
0,13,37,mlp,recovery,0.0,-0.01703464984893799,0,AAAAAN,2.0,0,AAAAAN,2.0,0,AAAAAN,2.0,2905,GCACCN,0.09421629458665848,1385,CACCCN,0.2749340236186981,1385,CACCCN,0.2749340236186981,True,False,True,-0.008595287799835205,CAGCACACCCCACCGCACCCCCCACCACACAAACGGCCGCGC
0,14,37,mlp,recovery,0.0,-0.024652481079101562,0,AAAAAN,2.0,0,AAAAAN,2.0,0,AAAAAN,2.0,2905,GCACCN,0.09163161367177963,1385,CACCCN,0.27447712421417236,1385,CACCCN,0.27447712421417236,True,False,True,-0.013016283512115479,CAGCACACCCCACCGCACCCCCCACCACACAAACGGCCGCGC
0,15,37,mlp,recovery,0.0,-0.012197136878967285,0,AAAAAN,2.0,0,AAAAAN,2.0,0,AAAAAN,2.0,2905,GCACCN,0.09347496181726456,1385,CACCCN,0.2728414833545685,1385,CACCCN,0.2728414833545685,True,False,True,-0.009192466735839844,CAGCACACCCCACCGCACCCCCCACCACACAAACGGCCGCGC
0,16,37,mlp,recovery,0.0,-0.006679415702819824,0,AAAAAN,2.0,0,AAAAAN,2.0,0,AAAAAN,2.0,2905,GCACCN,0.09454009681940079,1385,CACCCN,0.2723654508590698,1385,CACCCN,0.2723654508590698,True,False,True,-0.0055536627769470215,CAGCACACCCCACCGCACCCCCCACCACACAAACGGCCGCGC
0,17,37,mlp,recovery,0.0,-0.0064955949783325195,0,AAAAAN,2.0,0,AAAAAN,2.0,0,AAAAAN,2.0,2905,GCACCN,0.09555646777153015,1385,CACCCN,0.2733304798603058,1385,CACCCN,0.2733304798603058,True,False,True,0.00039064884185791016,CAGCACACCCCACCGCACCCCCCACCACACAAACGGCCGCGC
1,0,37,mlp,recovery,0.0,-0.004107832908630371,0,AAAAAN,2.0,0,AAAAAN,2.0,0,AAAAAN,2.0,2905,GCACCN,0.09275314956903458,1385,CACCCN,0.26986023783683777,1385,CACCCN,0.26986023783683777,True,False,True,-0.0060002803802490234,CAGCACACCCCACCGCACCCCCCACCACACAAACGGCCGCGC
1,1,37,mlp,recovery,0.0,-0.01771092414855957,0,AAAAAN,2.0,0,AAAAAN,2.0,0,AAAAAN,2.0,2905,GCACCN,0.090907521545887,1385,CACCCN,0.27181413769721985,1385,CACCCN,0.27181413769721985,True,False,True,-0.0015929341316223145,CAGCACACCCCACCGCACCCCCCACCACACAAACGGCCGCGC
1,2,37,mlp,recovery,0.0,-0.08823037147521973,0,AAAAAN,2.0,0,AAAAAN,2.0,0,AAAAAN,2.0,2905,GCACCN,0.08613920211791992,1385,CACCCN,0.2867428958415985,1385,CACCCN,0.2867428958415985,True,False,True,-0.0011363029479980469,CAGCACACCCCACCGCACCCCCCACCCACACAAACGGCCGCGC
1,3,37,mlp,recovery,0.0,-0.09497249126434326,0,AAAAAN,2.0,0,AAAAAN,2.0,0,AAAAAN,2.0,2905,GCACCN,0.08680576086044312,1385,CACCCN,0.2892926335334778,1385,CACCCN,0.2892926335334778,True,False,True,-0.0003446340560913086,CAGCACACCCCACCGCACCCCCCACCCACACAAACGGCACGCGC
1,4,37,mlp,recovery,0.0,0.09344440698623657,0,AAAAAN,2.0,0,AAAAAN,2.0,0,AAAAAN,2.0,2905,GCACCN,0.10520780086517334,1385,CACCCN,0.2550671696662903,1385,CACCCN,0.2550671696662903,True,False,True,-0.008725881576538086,CAGCACACCCCACCGCACCCCCCACCCACACAAACGGCCGCGC
1,5,37,mlp,recovery,0.0,0.41949647665023804,0,AAAAAN,2.0,0,AAAAAN,2.0,0,AAAAAN,2.0,2905,GCACCN,0.1316937655210495,1385,CACCCN,0.19048218429088593,1385,CACCCN,0.19048218429088593,True,False,True,-0.039704978466033936,CAGCACACCCCACCGCACCCCCACCCACACAAACGGCCGCGC
1,6,37,mlp,recovery,0.0,0.5782734155654907,0,AAAAAN,2.0,0,AAAAAN,2.0,0,AAAAAN,2.0,2905,GCACCN,0.18358579277992249,1385,CACCCN,0.19802556931972504,1385,CACCCN,0.19802556931972504,True,False,True,-0.04044562578201294,CAGCACACCCCACCGCACCCCCACCACACAAACGGCCGCGC
1,7,37,mlp,recovery,0.0,0.41570836305618286,0,AAAAAN,2.0,0,AAAAAN,2.0,0,AAAAAN,2.0,2905,GCACCN,0.1419980674982071,1385,CACCCN,0.20184457302093506,1385,CACCCN,0.20184457302093506,True,False,True,-0.03766322135925293,CAGCACACCCCACCGCACCCCCCACCCACACAAACGGCCGCGC
1,8,37,mlp,recovery,0.0,0.18470782041549683,0,AAAAAN,2.0,0,AAAAAN,2.0,0,AAAAAN,2.0,2905,GCACCN,0.12473373115062714,1385,CACCCN,0.2491019368171692,1385,CACCCN,0.2491019368171692,True,False,True,-0.014181017875671387,CAGCACACCCCACCGCACCCCCCACCCACACAAACGGCCGCGC
1,9,37,mlp,recovery,0.0,0.08655977249145508,0,AAAAAN,2.0,0,AAAAAN,2.0,0,AAAAAN,2.0,2905,GCACCN,0.1019306555390358,1385,CACCCN,0.2537129819393158,1385,CACCCN,0.2537129819393158,True,False,True,-0.0007429718971252441,CAGCACACCCCACCGCACCCCCCACCCACACAAACGGCCGCGC
1,10,37,mlp,recovery,0.0,0.0057443976402282715,0,AAAAAN,2.0,0,AAAAAN,2.0,0,AAAAAN,2.0,2905,GCACCN,0.0991322472691536,1385,CACCCN,0.2734874486923218,1385,CACCCN,0.2734874486923218,True,False,True,-0.00301438570022583,CAGCACACCCCACCGCACCCCCCACCACACAAACGGCCGCGC
1,11,37,mlp,recovery,0.0,-0.00014030933380126953,0,AAAAAN,2.0,0,AAAAAN,2.0,0,AAAAAN,2.0,2905,GCACCN,0.09870479255914688,1385,CACCCN,0.2747036814689636,1385,CACCCN,0.2747036814689636,True,False,True,0.00043320655822753906,CAGCACACCCCACCGCACCCCCCACCACACAAACGGCCGCGC
1,12,37,mlp,recovery,0.0,0.00099259614944458,0,AAAAAN,2.0,0,AAAAAN,2.0,0,AAAAAN,2.0,2905,GCACCN,0.09910690784454346,1385,CACCCN,0.27478936314582825,1385,CACCCN,0.27478936314582825,True,False,True,-0.002084076404571533,CAGCACACCCCACCGCACCCCCCACCACACAAACGGCCGCGC
1,13,37,mlp,recovery,0.0,0.015991270542144775,0,AAAAAN,2.0,0,AAAAAN,2.0,0,AAAAAN,2.0,2905,GCACCN,0.09879536926746368,1385,CACCCN,0.27028849720954895,1385,CACCCN,0.27028849720954895,True,False,True,-0.004003405570983887,CAGCACACCCCACCGCACCCCCCACCACACAAACGGCCGCGC
1,14,37,mlp,recovery,0.0,0.014008402824401855,0,AAAAAN,2.0,0,AAAAAN,2.0,0,AAAAAN,2.0,2905,GCACCN,0.09539844840765,1385,CACCCN,0.2674454152584076,1385,CACCCN,0.2674454152584076,True,False,True,-0.016848742961883545,CAGCACACCCCACCGCACCCCCCACCACACAAACGGCCGCGC
1,15,37,mlp,recovery,0.0,-0.0036530494689941406,0,AAAAAN,2.0,0,AAAAAN,2.0,0,AAAAAN,2.0,2905,GCACCN,0.09521454572677612,1385,CACCCN,0.27219459414482117,1385,CACCCN,0.27219459414482117,True,False,True,-0.019337952136993408,CAGCACACCCCACCGCACCCCCCACCACACAAACGGCCGCGC
1,16,37,mlp,recovery,0.0,-0.010621309280395508,0,AAAAAN,2.0,0,AAAAAN,2.0,0,AAAAAN,2.0,2905,GCACCN,0.09700652211904526,1385,CACCCN,0.2759329080581665,1385,CACCCN,0.2759329080581665,True,False,True,-0.02066415548324585,CAGCACACCCCACCGCACCCCCCACCACACAAACGGCCGCGC
1,17,37,mlp,recovery,0.0,-0.012664079666137695,0,AAAAAN,2.0,0,AAAAAN,2.0,0,AAAAAN,2.0,2905,GCACCN,0.09762338548898697,1385,CACCCN,0.27712035179138184,1385,CACCCN,0.27712035179138184,True,False,True,-0.011272072792053223,CAGCACACCCCACCGCACCCCCCACCACACAAACGGCCGCGC
2,0,37,mlp,recovery,0.0,-0.002949833869934082,0,AAAAAN,2.0,0,AAAAAN,2.0,0,AAAAAN,2.0,2905,GCACCN,0.09323908388614655,1385,CACCCN,0.2700227200984955,1385,CACCCN,0.2700227200984955,True,False,True,-0.01095736026763916,CAGCACACCCCACCGCACCCCCCACCACACAAACGGCCGCGC
2,1,37,mlp,recovery,0.0,-0.03805351257324219,0,AAAAAN,2.0,0,AAAAAN,2.0,0,AAAAAN,2.0,2905,GCACCN,0.0889069139957428,1385,CACCCN,0.2754954993724823,1385,CACCCN,0.2754954993724823,True,False,True,-0.007143139839172363,CAGCACACCCCACCGCACCCCCCACCACACAAACGGCCGCGC
2,2,37,mlp,recovery,0.0,-0.11670422554016113,0,AAAAAN,2.0,0,AAAAAN,2.0,0,AAAAAN,2.0,2905,GCACCN,0.07629440724849701,1385,CACCCN,0.28485122323036194,1385,CACCCN,0.28485122323036194,True,False,True,-0.32344162464141846,CAGCACACCCCACCGCACCCCCCACCACACAAACGGCCGCGC
2,3,37,mlp,recovery,0.0,-0.12404096126556396,0,AAAAAN,2.0,0,AAAAAN,2.0,0,AAAAAN,2.0,2905,GCACCN,0.07849995791912079,1385,CACCCN,0.2891060411930084,1385,CACCCN,0.2891060411930084,True,False,True,-0.3188226819038391,CAGCACACCCCACCGCACCCCCCACCACACAAACGGCCGCGC
2,4,37,mlp,recovery,0.0,0.13361960649490356,0,AAAAAN,2.0,0,AAAAAN,2.0,0,AAAAAN,2.0,2905,GCACCN,0.10404094308614731,1385,CACCCN,0.24267880618572235,1385,CACCCN,0.24267880618572235,True,False,True,-0.17020201683044434,CAGCACACCCCACCGCACCCCCCACCACACAAACGGCCGCGC
2,5,37,mlp,recovery,0.0,0.30227309465408325,0,AAAAAN,2.0,0,AAAAAN,2.0,0,AAAAAN,2.0,2905,GCACCN,0.14387856423854828,1385,CACCCN,0.23540912568569183,1385,CACCCN,0.23540912568569183,True,False,True,-0.007763326168060303,CAGCACACCCCACCGCACCCCCCACACACAAACGGCCGCGCC
2,6,37,mlp,recovery,0.0,0.3824242353439331,0,AAAAAN,2.0,0,AAAAAN,2.0,0,AAAAAN,2.0,2905,GCACCN,0.1928124576807022,1385,CACCCN,0.2619556784629822,1385,CACCCN,0.2619556784629822,True,False,True,-0.007798552513122559,CAGCACACCCCACCGCACCCCCACACACAAACGGCCGCGCC
2,7,37,mlp,recovery,0.0,0.24806034564971924,0,AAAAAN,2.0,0,AAAAAN,2.0,0,AAAAAN,2.0,2905,GCACCN,0.1356949508190155,1385,CACCCN,0.2423679083585739,1385,CACCCN,0.2423679083585739,True,False,True,-0.021457791328430176,CAGCACACCCCACCGCACCCCCCACACACAAACGGCCGCGC
2,8,37,mlp,recovery,0.0,0.1350894570350647,0,AAAAAN,2.0,0,AAAAAN,2.0,0,AAAAAN,2.0,2905,GCACCN,0.1257476806640625,1385,CACCCN,0.26397499442100525,1385,CACCCN,0.26397499442100525,True,False,True,0.0013083219528198242,CAGCACACCCCACCGCACCCCCCACCACACAAACGGCCGCGC
2,9,37,mlp,recovery,0.0,0.0666435956954956,0,AAAAAN,2.0,0,AAAAAN,2.0,0,AAAAAN,2.0,2905,GCACCN,0.10414310544729233,1385,CACCCN,0.26148831844329834,1385,CACCCN,0.26148831844329834,True,False,True,-0.005049705505371094,CAGCACACCCCACCGCACCCCCCACCCACACAAACGGCCGCGC
2,10,37,mlp,recovery,0.0,0.004444003105163574,0,AAAAAN,2.0,0,AAAAAN,2.0,0,AAAAAN,2.0,2905,GCACCN,0.09887660294771194,1385,CACCCN,0.27359503507614136,1385,CACCCN,0.27359503507614136,True,False,True,-0.004506230354309082,CAGCACACCCCACCGCACCCCCCACCACACAAACGGCCGCGC
2,11,37,mlp,recovery,0.0,0.004018902778625488,0,AAAAAN,2.0,0,AAAAAN,2.0,0,AAAAAN,2.0,2905,GCACCN,0.09946103394031525,1385,CACCCN,0.27429822087287903,1385,CACCCN,0.27429822087287903,True,False,True,0.0006154775619506836,CAGCACACCCCACCGCACCCCCCACCACACAAACGGCCGCGC
2,12,37,mlp,recovery,0.0,0.006002962589263916,0,AAAAAN,2.0,0,AAAAAN,2.0,0,AAAAAN,2.0,2905,GCACCN,0.09846775978803635,1385,CACCCN,0.27275076508522034,1385,CACCCN,0.27275076508522034,True,False,True,-0.0054402947425842285,CAGCACACCCCACCGCACCCCCCACCACACAAACGGCCGCGC
2,13,37,mlp,recovery,0.0,0.01070171594619751,0,AAAAAN,2.0,0,AAAAAN,2.0,0,AAAAAN,2.0,2905,GCACCN,0.09716371446847916,1385,CACCCN,0.2701342701911926,1385,CACCCN,0.2701342701911926,True,False,True,-0.009894073009490967,CAGCACACCCCACCGCACCCCCCACCACACAAACGGCCGCGC
2,14,37,mlp,recovery,0.0,0.0023279190063476562,0,AAAAAN,2.0,0,AAAAAN,2.0,0,AAAAAN,2.0,2905,GCACCN,0.09692217409610748,1385,CACCCN,0.27223166823387146,1385,CACCCN,0.27223166823387146,True,False,True,-0.015606880187988281,CAGCACACCCCACCGCACCCCCCACACACAAACGGCCGCGC
2,15,37,mlp,recovery,0.0,-0.016190052032470703,0,AAAAAN,2.0,0,AAAAAN,2.0,0,AAAAAN,2.0,2905,GCACCN,0.0975465178489685,1385,CACCCN,0.27802833914756775,1385,CACCCN,0.27802833914756775,True,False,True,-0.012297391891479492,CAGCACACCCCACCGCACCCCCCACACACAAACGGCCGCGC
2,16,37,mlp,recovery,0.0,-0.02364373207092285,0,AAAAAN,2.0,0,AAAAAN,2.0,0,AAAAAN,2.0,2905,GCACCN,0.0993802398443222,1385,CACCCN,0.2819439768791199,1385,CACCCN,0.2819439768791199,True,False,True,-0.00799626111984253,CAGCACACCCCACCGCACCCCCCACACACAAACGGCCGCGC
2,17,37,mlp,recovery,0.0,-0.03458511829376221,0,AAAAAN,2.0,0,AAAAAN,2.0,0,AAAAAN,2.0,2905,GCACCN,0.09757388383150101,1385,CACCCN,0.2831936776638031,1385,CACCCN,0.2831936776638031,True,False,True,-0.004426240921020508,CAGCACACCCCACCGCACCCCCCACCACACAAACGGCCGCGC
3,0,37,mlp,recovery,0.0,-0.016411662101745605,0,AAAAAN,2.0,0,AAAAAN,2.0,0,AAAAAN,2.0,2905,GCACCN,0.09244175255298615,1385,CACCCN,0.2729854881763458,1385,CACCCN,0.2729854881763458,True,False,True,-0.007767379283905029,CAGCACACCCCACCGCACCCCCCACCACACAAACGGCCGCGC
3,1,37,mlp,recovery,0.0,-0.01197052001953125,0,AAAAAN,2.0,0,AAAAAN,2.0,0,AAAAAN,2.0,2905,GCACCN,0.09023620188236237,1385,CACCCN,0.26953941583633423,1385,CACCCN,0.26953941583633423,True,False,True,-0.010695815086364746,CAGCACACCCCACCGCACCCCCCACCACACAAACGGCCGCGC
3,2,37,mlp,recovery,0.0,0.07854878902435303,0,AAAAAN,2.0,0,AAAAAN,2.0,0,AAAAAN,2.0,2905,GCACCN,0.06702373176813126,1385,CACCCN,0.221043661236763,1385,CACCCN,0.221043661236763,True,False,True,-0.3383120596408844,CAGCACACCCCACCGCACCCCCCAGACCACACAAACGGCCGCGC
3,3,37,mlp,recovery,0.0,0.0769544243812561,0,AAAAAN,2.0,0,AAAAAN,2.0,0,AAAAAN,2.0,2905,GCACCN,0.07025865465402603,1385,CACCCN,0.2247239202260971,1385,CACCCN,0.2247239202260971,True,False,True,-0.3356627821922302,CAGCACACCCCACCGCACCCCCCCACCACACAAACGGCCGCGC
3,4,37,mlp,recovery,0.0,0.15390437841415405,0,AAAAAN,2.0,0,AAAAAN,2.0,0,AAAAAN,2.0,2905,GCACCN,0.08236494660377502,1385,CACCCN,0.21533699333667755,1385,CACCCN,0.21533699333667755,True,False,True,-0.3374461531639099,CAGCACACCCCACCGCACCCCCCCACCACACAAACGGCCGCGC
3,5,37,mlp,recovery,0.0,0.5519973039627075,0,AAAAAN,2.0,0,AAAAAN,2.0,0,AAAAAN,2.0,2905,GCACCN,0.19201993942260742,1385,CACCCN,0.21379901468753815,1385,CACCCN,0.21379901468753815,True,False,True,-0.016505539417266846,CAGCACACCCCACCGCACCCCCACCACACAAACGGCCGCGC
3,6,37,mlp,recovery,0.0,0.8026954531669617,0,AAAAAN,2.0,0,AAAAAN,2.0,0,AAAAAN,2.0,2905,GCACCN,0.24239079654216766,1385,CACCCN,0.19414635002613068,2905,GCACCN,0.24239079654216766,True,True,False,-0.031196892261505127,
3,7,37,mlp,recovery,0.0,0.5136999487876892,0,AAAAAN,2.0,0,AAAAAN,2.0,0,AAAAAN,2.0,2905,GCACCN,0.17483296990394592,1385,CACCCN,0.2073090374469757,1385,CACCCN,0.2073090374469757,True,False,True,-0.05778750777244568,CAGCACACCCCACCGCACCCCCACACACAAACGGCCGCGC
3,8,37,mlp,recovery,0.0,0.3600195646286011,0,AAAAAN,2.0,0,AAAAAN,2.0,0,AAAAAN,2.0,2905,GCACCN,0.15983694791793823,1385,CACCCN,0.23523811995983124,1385,CACCCN,0.23523811995983124,True,False,True,-0.015085756778717041,CAGCACACCCCACCGCACCCCCCACACACAAACGGCCGCGC
3,9,37,mlp,recovery,0.0,0.032178282737731934,0,AAAAAN,2.0,0,AAAAAN,2.0,0,AAAAAN,2.0,2905,GCACCN,0.11179453134536743,1385,CACCCN,0.278766393661499,1385,CACCCN,0.278766393661499,True,False,True,-0.006481587886810303,CAGCACACCCCACCGCACCCCCCACCACACAAACGGCCGCGC
3,10,37,mlp,recovery,0.0,-0.009546875953674316,0,AAAAAN,2.0,0,AAAAAN,2.0,0,AAAAAN,2.0,2905,GCACCN,0.09960079938173294,1385,CACCCN,0.2782270610332489,1385,CACCCN,0.2782270610332489,True,False,True,-0.007167220115661621,CAGCACACCCCACCGCACCCCCCACCCACACAAACGGCCGCGC
3,11,37,mlp,recovery,0.0,0.00046497583389282227,0,AAAAAN,2.0,0,AAAAAN,2.0,0,AAAAAN,2.0,2905,GCACCN,0.09966503083705902,1385,CACCCN,0.27549484372138977,1385,CACCCN,0.27549484372138977,True,False,True,-0.0018998980522155762,CAGCACACCCCACCGCACCCCCCACCCACACAAACGGCCGCGC
3,12,37,mlp,recovery,0.0,-0.0037726163864135742,0,AAAAAN,2.0,0,AAAAAN,2.0,0,AAAAAN,2.0,2905,GCACCN,0.09743878245353699,1385,CACCCN,0.27445223927497864,1385,CACCCN,0.27445223927497864,True,False,True,-0.009987592697143555,CAGCACACCCCACCGCACCCCCCACCACACAAACGGCCGCGC
3,13,37,mlp,recovery,0.0,-0.01777517795562744,0,AAAAAN,2.0,0,AAAAAN,2.0,0,AAAAAN,2.0,2905,GCACCN,0.097220279276371,1385,CACCCN,0.27814483642578125,1385,CACCCN,0.27814483642578125,True,False,True,-0.006676197052001953,CAGCACACCCCACCGCACCCCCCACACACAAACGGCCGCGC
3,14,37,mlp,recovery,0.0,-0.021302461624145508,0,AAAAAN,2.0,0,AAAAAN,2.0,0,AAAAAN,2.0,2905,GCACCN,0.09180674701929092,1385,CACCCN,0.2737165093421936,1385,CACCCN,0.2737165093421936,True,False,True,-0.014968454837799072,CAGCACACCCCACCGCACCCCCCACACACAAACGGCCGCGC
3,15,37,mlp,recovery,0.0,-0.0251924991607666,0,AAAAAN,2.0,0,AAAAAN,2.0,0,AAAAAN,2.0,2905,GCACCN,0.0920504480600357,1385,CACCCN,0.27504679560661316,1385,CACCCN,0.27504679560661316,True,False,True,-0.01051110029220581,CAGCACACCCCACCGCACCCCCCACACACAAACGGCCGCGC
3,16,37,mlp,recovery,0.0,-0.006553292274475098,0,AAAAAN,2.0,0,AAAAAN,2.0,0,AAAAAN,2.0,2905,GCACCN,0.09320401400327682,1385,CACCCN,0.2709941565990448,1385,CACCCN,0.2709941565990448,True,False,True,-0.013654768466949463,CAGCACACCCCACCGCACCCCCCACACACAAACGGCCGCGC
3,17,37,mlp,recovery,0.0,-0.02150273323059082,0,AAAAAN,2.0,0,AAAAAN,2.0,0,AAAAAN,2.0,2905,GCACCN,0.0939045250415802,1385,CACCCN,0.2758702337741852,1385,CACCCN,0.2758702337741852,True,False,True,-0.009644567966461182,CAGCACACCCCACCGCACCCCCCACCACACAAACGGCCGCGC
4,0,37,mlp,recovery,0.0,-0.05552339553833008,0,AAAAAN,2.0,0,AAAAAN,2.0,0,AAAAAN,2.0,2905,GCACCN,0.09435102343559265,1385,CACCCN,0.2858192026615143,1385,CACCCN,0.2858192026615143,True,False,True,-0.000859677791595459,CAGCACACCCCACCGCACCCCCCACCACACAAACGGCCGCGC
4,1,37,mlp,recovery,0.0,-0.041141510009765625,0,AAAAAN,2.0,0,AAAAAN,2.0,0,AAAAAN,2.0,2905,GCACCN,0.07185079157352448,1385,CACCCN,0.25930190086364746,1385,CACCCN,0.25930190086364746,True,False,True,-0.31992921233177185,CAGCACACCCCACCGCACCCCCCCACCACACAAACGGCCGCGC
4,2,37,mlp,recovery,0.0,0.05145084857940674,0,AAAAAN,2.0,0,AAAAAN,2.0,0,AAAAAN,2.0,2905,GCACCN,0.06470192968845367,1385,CACCCN,0.22629068791866302,1385,CACCCN,0.22629068791866302,True,False,True,-0.3348492234945297,CAGCACACCCCACCGCACCCCCCAGACCACACAAACGGCCGCGC
4,3,37,mlp,recovery,0.0,0.056800782680511475,0,AAAAAN,2.0,0,AAAAAN,2.0,0,AAAAAN,2.0,2905,GCACCN,0.064374178647995,1385,CACCCN,0.22446861863136292,1385,CACCCN,0.22446861863136292,True,False,True,-0.33156874775886536,CAGCACACCCCACCGCACCCCCCAGACCACACAAACGGCCGCGC
4,4,37,mlp,recovery,0.0,0.3678666353225708,0,AAAAAN,2.0,0,AAAAAN,2.0,1487,CAGGCC,2.025390625,2905,GCACCN,0.11447203159332275,1385,CACCCN,0.1876813918352127,1385,CACCCN,0.1876813918352127,False,False,True,-0.34423118829727173,CAGCACACCCCACCGCACCCCCCCACCACACAAACGGCCGCGC
4,5,37,mlp,recovery,0.0,0.8160703778266907,0,AAAAAN,2.0,0,AAAAAN,2.0,0,AAAAAN,2.0,2905,GCACCN,0.20858530700206757,1385,CACCCN,0.1566050499677658,2905,GCACCN,0.20858530700206757,True,True,False,-0.027248740196228027,
4,6,37,mlp,recovery,0.0,0.7572712898254395,0,AAAAAN,2.0,0,AAAAAN,2.0,0,AAAAAN,2.0,2905,GCACCN,0.19970175623893738,1385,CACCCN,0.16414490342140198,2905,GCACCN,0.19970175623893738,True,True,False,-0.04625725746154785,
4,7,37,mlp,recovery,0.0,0.38968193531036377,0,AAAAAN,2.0,0,AAAAAN,2.0,0,AAAAAN,2.0,2905,GCACCN,0.12888303399085999,1385,CACCCN,0.19599908590316772,1385,CACCCN,0.19599908590316772,True,False,True,-0.05178669095039368,CAGCACACCCCACCGCACCCCCCACCCACACAAACGGCCGCGC
4,8,37,mlp,recovery,0.0,0.20316708087921143,0,AAAAAN,2.0,0,AAAAAN,2.0,0,AAAAAN,2.0,2905,GCACCN,0.11532638221979141,1385,CACCCN,0.23453864455223083,1385,CACCCN,0.23453864455223083,True,False,True,-0.02622765302658081,CAGCACACCCCACCGCACCCCCCACCACACAAACGGCCGCGC
4,9,37,mlp,recovery,0.0,0.06921523809432983,0,AAAAAN,2.0,0,AAAAAN,2.0,0,AAAAAN,2.0,2905,GCACCN,0.09925290942192078,1385,CACCCN,0.25587981939315796,1385,CACCCN,0.25587981939315796,True,False,True,-0.010255575180053711,CAGCACACCCCACCGCACCCCCCACCCACACAAACGGCCGCGC
4,10,37,mlp,recovery,0.0,0.02752619981765747,0,AAAAAN,2.0,0,AAAAAN,2.0,0,AAAAAN,2.0,2905,GCACCN,0.10362698882818222,1385,CACCCN,0.2718982398509979,1385,CACCCN,0.2718982398509979,True,False,True,-0.004327237606048584,CAGCACACCCCACCGCACCCCCCACCCACACAAACGGCCGCGC
4,11,37,mlp,recovery,0.0,-0.0076340436935424805,0,AAAAAN,2.0,0,AAAAAN,2.0,0,AAAAAN,2.0,2905,GCACCN,0.10112853348255157,1385,CACCCN,0.2792205512523651,1385,CACCCN,0.2792205512523651,True,False,True,-0.001413106918334961,CAGCACACCCCACCGCACCCCCCACCACACAAACGGCCGCGC
4,12,37,mlp,recovery,0.0,-0.05047452449798584,0,AAAAAN,2.0,0,AAAAAN,2.0,0,AAAAAN,2.0,2905,GCACCN,0.09298940747976303,1385,CACCCN,0.2830473780632019,1385,CACCCN,0.2830473780632019,True,False,True,-0.010063588619232178,CAGCACACCCCACCGCACCCCCCACCACACAAACGGCCGCGC
4,13,37,mlp,recovery,0.0,-0.0766216516494751,0,AAAAAN,2.0,0,AAAAAN,2.0,0,AAAAAN,2.0,2905,GCACCN,0.08683710545301437,1385,CACCCN,0.2841983139514923,1385,CACCCN,0.2841983139514923,True,False,True,-0.009475529193878174,CAGCACACCCCACCGCACCCCCCACACACAAACGGCCGCGC
4,14,37,mlp,recovery,0.0,-0.06100606918334961,0,AAAAAN,2.0,0,AAAAAN,2.0,0,AAAAAN,2.0,2905,GCACCN,0.08711898326873779,1385,CACCCN,0.28011855483055115,1385,CACCCN,0.28011855483055115,True,False,True,-0.012712657451629639,CAGCACACCCCACCGCACCCCCCACACACAAACGGCCGCGC
4,15,37,mlp,recovery,0.0,-0.03385210037231445,0,AAAAAN,2.0,0,AAAAAN,2.0,0,AAAAAN,2.0,2905,GCACCN,0.09247168898582458,1385,CACCCN,0.2778867781162262,1385,CACCCN,0.2778867781162262,True,False,True,-0.006999313831329346,CAGCACACCCCACCGCACCCCCCACACACAAACGGCCGCGC
4,16,37,mlp,recovery,0.0,-0.0375971794128418,0,AAAAAN,2.0,0,AAAAAN,2.0,0,AAAAAN,2.0,2905,GCACCN,0.08999687433242798,1385,CACCCN,0.2764579951763153,1385,CACCCN,0.2764579951763153,True,False,True,-0.009718120098114014,CAGCACACCCCACCGCACCCCCCACACACAAACGGCCGCGC
4,17,37,mlp,recovery,0.0,-0.02788078784942627,0,AAAAAN,2.0,0,AAAAAN,2.0,0,AAAAAN,2.0,2905,GCACCN,0.08953096717596054,1385,CACCCN,0.2732781767845154,1385,CACCCN,0.2732781767845154,True,False,True,-0.008188188076019287,CAGCACACCCCACCGCACCCCCCACCACACAAACGGCCGCGC
5,0,37,mlp,recovery,0.0,-0.04403269290924072,0,AAAAAN,2.0,0,AAAAAN,2.0,0,AAAAAN,2.0,2905,GCACCN,0.0945824682712555,1385,CACCCN,0.28284111618995667,1385,CACCCN,0.28284111618995667,True,False,True,-0.004302322864532471,CAGCACACCCCACCGCACCCCCCACCACACAAACGGCCGCGC
5,1,37,mlp,recovery,0.0,-0.15918612480163574,0,AAAAAN,2.0,0,AAAAAN,2.0,0,AAAAAN,2.0,2905,GCACCN,0.07982698082923889,1385,CACCCN,0.3002496063709259,1385,CACCCN,0.3002496063709259,True,False,True,0.02785736322402954,CAGCACACCCCACCGCACCCCCCACCACACAAACGGCCGCGC
5,2,37,mlp,recovery,0.0,0.0208471417427063,0,AAAAAN,2.0,0,AAAAAN,2.0,0,AAAAAN,2.0,2905,GCACCN,0.05789061263203621,1385,CACCCN,0.22802741825580597,1385,CACCCN,0.22802741825580597,True,False,True,-0.330951988697052,CAGCACACCCCACCGCACCCCCCCACCACACAAACGGCCGCGC
5,3,37,mlp,recovery,0.0,0.027535319328308105,0,AAAAAN,2.0,0,AAAAAN,2.0,0,AAAAAN,2.0,2905,GCACCN,0.059910450130701065,1385,CACCCN,0.22817915678024292,1385,CACCCN,0.22817915678024292,True,False,True,-0.33217930793762207,CAGCACACCCCACCGCACCCCCCAGACCACACAAACGGCCGCGC
5,4,37,mlp,recovery,0.0,0.059491753578186035,0,AAAAAN,2.0,0,AAAAAN,2.0,0,AAAAAN,2.0,2905,GCACCN,0.10109236091375351,1385,CACCCN,0.26043519377708435,1385,CACCCN,0.26043519377708435,True,False,True,0.11698102951049805,CAGCACACCCCACCGCACCCCCCACCACACAAACGGCCGCGC
5,5,37,mlp,recovery,0.0,0.3822312355041504,0,AAAAAN,2.0,0,AAAAAN,2.0,0,AAAAAN,2.0,2905,GCACCN,0.13766613602638245,1385,CACCCN,0.20686326920986176,1385,CACCCN,0.20686326920986176,True,False,True,-0.0026043057441711426,CAGCACACCCCACCGCACCCCCCACACACAAACGGCCGCGC
5,6,37,mlp,recovery,0.0,0.479092538356781,0,AAAAAN,2.0,0,AAAAAN,2.0,0,AAAAAN,2.0,2905,GCACCN,0.14645326137542725,1385,CACCCN,0.18859566748142242,1385,CACCCN,0.18859566748142242,True,False,True,-0.013121426105499268,CAGCACACCCCACCGCACCCCCCACACACAAACGGCCGCGC
5,7,37,mlp,recovery,0.0,0.5448716878890991,0,AAAAAN,2.0,0,AAAAAN,2.0,0,AAAAAN,2.0,2905,GCACCN,0.159346342086792,1385,CACCCN,0.18311569094657898,1385,CACCCN,0.18311569094657898,True,False,True,-0.03335130214691162,CAGCACACCCCACCGCACCCCCACCACACAAACGGCCGCGC
5,8,37,mlp,recovery,0.0,0.3886452913284302,0,AAAAAN,2.0,0,AAAAAN,2.0,0,AAAAAN,2.0,2905,GCACCN,0.14239941537380219,1385,CACCCN,0.20980501174926758,1385,CACCCN,0.20980501174926758,True,False,True,-0.023456811904907227,CAGCACACCCCACCGCACCCCCCACCACACAAACGGCCGCGC
5,9,37,mlp,recovery,0.0,0.12006759643554688,0,AAAAAN,2.0,0,AAAAAN,2.0,0,AAAAAN,2.0,2905,GCACCN,0.11374823749065399,1385,CACCCN,0.2561713755130768,1385,CACCCN,0.2561713755130768,True,False,True,-0.014081001281738281,CAGCACACCCCACCGCACCCCCCACCACACAAACGGCCGCGC
5,10,37,mlp,recovery,0.0,-0.0220792293548584,0,AAAAAN,2.0,0,AAAAAN,2.0,0,AAAAAN,2.0,2905,GCACCN,0.09704447537660599,1385,CACCCN,0.2791711986064911,1385,CACCCN,0.2791711986064911,True,False,True,-0.007722795009613037,CAGCACACCCCACCGCACCCCCCACACACAAACGGCCGCGC
5,11,37,mlp,recovery,0.0,-0.05384516716003418,0,AAAAAN,2.0,0,AAAAAN,2.0,0,AAAAAN,2.0,2905,GCACCN,0.09552302211523056,1385,CACCCN,0.28652244806289673,1385,CACCCN,0.28652244806289673,True,False,True,-0.004536926746368408,CAGCACACCCCACCGCACCCCCCACACACAAACGGCCGCGC
5,12,37,mlp,recovery,0.0,-0.11822366714477539,0,AAAAAN,2.0,0,AAAAAN,2.0,0,AAAAAN,2.0,2905,GCACCN,0.08478016406297684,1385,CACCCN,0.29376140236854553,1385,CACCCN,0.29376140236854553,True,False,True,-0.014737367630004883,CAGCACACCCCACCGCACCCCCCACACACAAACGGCCGCGC
5,13,37,mlp,recovery,0.0,-0.09781920909881592,0,AAAAAN,2.0,0,AAAAAN,2.0,0,AAAAAN,2.0,2905,GCACCN,0.08080257475376129,1385,CACCCN,0.2840845584869385,1385,CACCCN,0.2840845584869385,True,False,True,-0.018639743328094482,CAGCACACCCCACCGCACCCCCCACCACACAAACGGCCGCGC
5,14,37,mlp,recovery,0.0,-0.08170092105865479,0,AAAAAN,2.0,0,AAAAAN,2.0,0,AAAAAN,2.0,2905,GCACCN,0.08035176247358322,1385,CACCCN,0.279131680727005,1385,CACCCN,0.279131680727005,True,False,True,-0.018790900707244873,CAGCACACCCCACCGCACCCCCCACACACAAACGGCCGCGC
5,15,37,mlp,recovery,0.0,-0.05105328559875488,0,AAAAAN,2.0,0,AAAAAN,2.0,0,AAAAAN,2.0,2905,GCACCN,0.08967190980911255,1385,CACCCN,0.2798915207386017,1385,CACCCN,0.2798915207386017,True,False,True,-0.007536351680755615,CAGCACACCCCACCGCACCCCCCACACACAAACGGCCGCGC
5,16,37,mlp,recovery,0.0,-0.061299800872802734,0,AAAAAN,2.0,0,AAAAAN,2.0,0,AAAAAN,2.0,2905,GCACCN,0.09179379791021347,1385,CACCCN,0.28487542271614075,1385,CACCCN,0.28487542271614075,True,False,True,-0.0016202330589294434,CAGCACACCCCACCGCACCCCCCACCCACACAAACGGCCGCGC
5,17,37,mlp,recovery,0.0,-0.04342079162597656,0,AAAAAN,2.0,0,AAAAAN,2.0,0,AAAAAN,2.0,2905,GCACCN,0.09188965708017349,1385,CACCCN,0.279977411031723,1385,CACCCN,0.279977411031723,True,False,True,0.000573277473449707,CAGCACACCCCACCGCACCCCCCACCCACACAAACGGCCGCGC
6,0,37,mlp,recovery,0.0,-0.05531930923461914,0,AAAAAN,2.0,0,AAAAAN,2.0,0,AAAAAN,2.0,2905,GCACCN,0.09989093989133835,1385,CACCCN,0.2913021147251129,1385,CACCCN,0.2913021147251129,True,False,True,0.001638650894165039,CAGCACACCCCACCGCACCCCCCACCACACAAACGGCCGCGC
6,1,37,mlp,recovery,0.0,-0.09813117980957031,0,AAAAAN,2.0,0,AAAAAN,2.0,0,AAAAAN,2.0,2905,GCACCN,0.08723722398281097,1385,CACCCN,0.29060637950897217,1385,CACCCN,0.29060637950897217,True,False,True,0.017163872718811035,CAGCACACCCCACCGCACCCCCACCACACAAACGGCCGCGCC
6,2,37,mlp,recovery,0.0,0.006251990795135498,0,AAAAAN,2.0,0,AAAAAN,2.0,0,AAAAAN,2.0,2905,GCACCN,0.06517922878265381,1385,CACCCN,0.23939266800880432,1385,CACCCN,0.23939266800880432,True,False,True,-0.300478994846344,CAGCACACCCCACCGCACCCCCCCACCACACAAACGGCCGCGC
6,3,37,mlp,recovery,0.0,0.031126677989959717,0,AAAAAN,2.0,0,AAAAAN,2.0,0,AAAAAN,2.0,2905,GCACCN,0.07039354741573334,1385,CACCCN,0.23765912652015686,1385,CACCCN,0.23765912652015686,True,False,True,-0.30511316657066345,CAGCACACCCCACCGCACCCCCCCACCACACAAACGGCCGCGC
6,4,37,mlp,recovery,0.0,0.2905632257461548,0,AAAAAN,2.0,0,AAAAAN,2.0,0,AAAAAN,2.0,2905,GCACCN,0.1128496304154396,1385,CACCCN,0.20765092968940735,1385,CACCCN,0.20765092968940735,True,False,True,0.036515653133392334,CAGCACACCCCACCGCACCCCCCACCACACAAACGGCCGCGC
6,5,37,mlp,recovery,0.0,0.44148504734039307,0,AAAAAN,2.0,0,AAAAAN,2.0,0,AAAAAN,2.0,2905,GCACCN,0.12946859002113342,1385,CACCCN,0.18211530148983002,1385,CACCCN,0.18211530148983002,True,False,True,0.0006488561630249023,CAGCACACCCCACCGCACCCCCCACCCACACAAACGGCCGCGC
6,6,37,mlp,recovery,0.0,0.43197911977767944,0,AAAAAN,2.0,0,AAAAAN,2.0,0,AAAAAN,2.0,2905,GCACCN,0.14648869633674622,1385,CACCCN,0.20179054141044617,1385,CACCCN,0.20179054141044617,True,False,True,-0.007904410362243652,CAGCACACCCCACCGCACCCCCCACACACAAACGGCCGCGC
6,7,37,mlp,recovery,0.0,0.3618609309196472,0,AAAAAN,2.0,0,AAAAAN,2.0,0,AAAAAN,2.0,2905,GCACCN,0.16039319336414337,1385,CACCCN,0.23528003692626953,1385,CACCCN,0.23528003692626953,True,False,True,-0.027680814266204834,CAGCACACCCCACCGCACCCCCCACACACAAACGGCCGCGC
6,8,37,mlp,recovery,0.0,0.17381441593170166,0,AAAAAN,2.0,0,AAAAAN,2.0,0,AAAAAN,2.0,2905,GCACCN,0.1458580195903778,1385,CACCCN,0.2732689082622528,1385,CACCCN,0.2732689082622528,True,False,True,-0.01006847620010376,CAGCACACCCCACCGCACCCCCCACCACACAAACGGCCGCGC
6,9,37,mlp,recovery,0.0,0.08529222011566162,0,AAAAAN,2.0,0,AAAAAN,2.0,0,AAAAAN,2.0,2905,GCACCN,0.11900259554386139,1385,CACCCN,0.271138995885849,1385,CACCCN,0.271138995885849,True,False,True,-0.014772176742553711,CAGCACACCCCACCGCACCCCCCACACACAAACGGCCGCGC
6,10,37,mlp,recovery,0.0,-0.08496332168579102,0,AAAAAN,2.0,0,AAAAAN,2.0,0,AAAAAN,2.0,2905,GCACCN,0.08952740579843521,1385,CACCCN,0.289218544960022,1385,CACCCN,0.289218544960022,True,False,True,-0.013292074203491211,CAGCACACCCCACCGCACCCCCCACACACAAACGGCCGCGC
6,11,37,mlp,recovery,0.0,-0.08282279968261719,0,AAAAAN,2.0,0,AAAAAN,2.0,0,AAAAAN,2.0,2905,GCACCN,0.0854291096329689,1385,CACCCN,0.2845223844051361,1385,CACCCN,0.2845223844051361,True,False,True,-0.013435602188110352,CAGCACACCCCACCGCACCCCCCACCACACAAACGGCCGCGC
6,12,37,mlp,recovery,0.0,-0.1334385871887207,0,AAAAAN,2.0,0,AAAAAN,2.0,0,AAAAAN,2.0,2905,GCACCN,0.07863502949476242,1385,CACCCN,0.2918660342693329,1385,CACCCN,0.2918660342693329,True,False,True,-0.01407545804977417,CAGCACACCCCACCGCACCCCCCACCACACAAACGGCCGCGC
6,13,37,mlp,recovery,0.0,-0.1386352777481079,0,AAAAAN,2.0,0,AAAAAN,2.0,0,AAAAAN,2.0,2905,GCACCN,0.08456527441740036,1385,CACCCN,0.29924777150154114,1385,CACCCN,0.29924777150154114,True,False,True,-0.007785439491271973,CAGCACACCCCACCGCACCCCCCACACACAAACGGCCGCGC
6,14,37,mlp,recovery,0.0,-0.14713561534881592,0,AAAAAN,2.0,0,AAAAAN,2.0,0,AAAAAN,2.0,2905,GCACCN,0.0838979110121727,1385,CACCCN,0.300954669713974,1385,CACCCN,0.300954669713974,True,False,True,-0.010299503803253174,CAGCACACCCCACCGCACCCCCCACACACAAACGGCCGCGC
6,15,37,mlp,recovery,0.0,-0.014607787132263184,0,AAAAAN,2.0,0,AAAAAN,2.0,0,AAAAAN,2.0,2905,GCACCN,0.10525345057249069,1385,CACCCN,0.285293310880661,1385,CACCCN,0.285293310880661,True,False,True,0.004583477973937988,CAGCACACCCCACCGCACCCCCCACACACAAACGGCCGCGC
6,16,37,mlp,recovery,0.0,0.01946878433227539,0,AAAAAN,2.0,0,AAAAAN,2.0,0,AAAAAN,2.0,2905,GCACCN,0.10200304538011551,1385,CACCCN,0.2725248336791992,1385,CACCCN,0.2725248336791992,True,False,True,0.006409049034118652,CAGCACACCCCACCGCACCCCCCACCCACACAAACGGCCGCGC
6,17,37,mlp,recovery,0.0,0.026798784732818604,0,AAAAAN,2.0,0,AAAAAN,2.0,0,AAAAAN,2.0,2905,GCACCN,0.10198259353637695,1385,CACCCN,0.27045702934265137,1385,CACCCN,0.27045702934265137,True,False,True,0.009931802749633789,CAGCACACCCCACCGCACCCCCCACCCACACAAACGGCCGCGC
7,0,37,mlp,recovery,0.0,-0.007460832595825195,0,AAAAAN,2.0,0,AAAAAN,2.0,0,AAAAAN,2.0,2905,GCACCN,0.10655444860458374,1385,CACCCN,0.28459808230400085,1385,CACCCN,0.28459808230400085,True,False,True,-0.0005113482475280762,CAGCACACCCCACCGCACCCCCCACCACACAAACGGCCGCGC
7,1,37,mlp,recovery,0.0,-0.0474017858505249,0,AAAAAN,2.0,0,AAAAAN,2.0,0,AAAAAN,2.0,2905,GCACCN,0.11237388104200363,1385,CACCCN,0.30157357454299927,1385,CACCCN,0.30157357454299927,True,False,True,0.013363778591156006,CAGCACACCCCACCGCACCCCCCACACACAAACGGCCGCGCC
7,2,37,mlp,recovery,0.0,-0.07258093357086182,0,AAAAAN,2.0,0,AAAAAN,2.0,0,AAAAAN,2.0,2905,GCACCN,0.10254272818565369,1385,CACCCN,0.298775315284729,1385,CACCCN,0.298775315284729,True,False,True,0.00041621923446655273,CAGCACACCCCACCGCACCCCCCACCACACAAACGGCCGCGC
7,3,37,mlp,recovery,0.0,-0.07433319091796875,0,AAAAAN,2.0,0,AAAAAN,2.0,0,AAAAAN,2.0,2905,GCACCN,0.10128278285264969,1385,CACCCN,0.29800477623939514,1385,CACCCN,0.29800477623939514,True,False,True,3.236532211303711e-05,CAGCACACCCCACCGCACCCCCCACCACACAAACGGCCGCGC
7,4,37,mlp,recovery,0.0,0.24802374839782715,0,AAAAAN,2.0,0,AAAAAN,2.0,0,AAAAAN,2.0,2905,GCACCN,0.1019439548254013,1385,CACCCN,0.2086271345615387,1385,CACCCN,0.2086271345615387,True,False,True,0.02744603157043457,CAGCACACCCCACCGCACCCCCCACCACACAAACGGCCGCGC
7,5,37,mlp,recovery,0.0,0.2691771984100342,0,AAAAAN,2.0,0,AAAAAN,2.0,0,AAAAAN,2.0,2905,GCACCN,0.08797039091587067,1385,CACCCN,0.18874511122703552,1385,CACCCN,0.18874511122703552,True,False,True,-0.007621049880981445,CAGCACACCCCACCGCACCCCCCCACCCACACAAACGGCCGCGC
7,6,37,mlp,recovery,0.0,0.2640972137451172,0,AAAAAN,2.0,0,AAAAAN,2.0,0,AAAAAN,2.0,2905,GCACCN,0.09822746366262436,1385,CACCCN,0.20042109489440918,1385,CACCCN,0.20042109489440918,True,False,True,-0.0022216439247131348,CAGCACACCCCACCGCACCCCCCCACCACACAAACGGCCGCGC
7,7,37,mlp,recovery,0.0,0.08931922912597656,0,AAAAAN,2.0,0,AAAAAN,2.0,0,AAAAAN,2.0,2905,GCACCN,0.1182577908039093,1385,CACCCN,0.2692693769931793,1385,CACCCN,0.2692693769931793,True,False,True,-0.014887213706970215,CAGCACACCCCACCGCACCCCCCACCACACAAACGGCCGCGC
7,8,37,mlp,recovery,0.0,0.0050182342529296875,0,AAAAAN,2.0,0,AAAAAN,2.0,0,AAAAAN,2.0,2905,GCACCN,0.12379105389118195,1385,CACCCN,0.2983490824699402,1385,CACCCN,0.2983490824699402,True,False,True,-0.0035868287086486816,CAGCACACCCCACCGCACCCCCCACCACACAAACGGCCGCGC
7,9,37,mlp,recovery,0.0,-0.016277194023132324,0,AAAAAN,2.0,0,AAAAAN,2.0,0,AAAAAN,2.0,2905,GCACCN,0.10844564437866211,1385,CACCCN,0.2889518141746521,1385,CACCCN,0.2889518141746521,True,False,True,-0.008374691009521484,CAGCACACCCCACCGCACCCCCCACCCACACAAACGGCCGCGC
7,10,37,mlp,recovery,0.0,-0.08353614807128906,0,AAAAAN,2.0,0,AAAAAN,2.0,0,AAAAAN,2.0,2905,GCACCN,0.08976659923791885,1385,CACCCN,0.2890591323375702,1385,CACCCN,0.2890591323375702,True,False,True,-0.010473668575286865,CAGCACACCCCACCGCACCCCCCACACACAAACGGCCGCGC
7,11,37,mlp,recovery,0.0,-0.06992530822753906,0,AAAAAN,2.0,0,AAAAAN,2.0,0,AAAAAN,2.0,2905,GCACCN,0.08979929238557816,1385,CACCCN,0.2852901220321655,1385,CACCCN,0.2852901220321655,True,False,True,-0.010970115661621094,CAGCACACCCCACCGCACCCCCCACCCACACAAACGGCCGCGC
7,12,37,mlp,recovery,0.0,-0.07181096076965332,0,AAAAAN,2.0,0,AAAAAN,2.0,0,AAAAAN,2.0,2905,GCACCN,0.0909636989235878,1385,CACCCN,0.2869811952114105,1385,CACCCN,0.2869811952114105,True,False,True,-0.011335015296936035,CAGCACACCCCACCGCACCCCCCACCCACACAAACGGCCGCGC
7,13,37,mlp,recovery,0.0,-0.07809388637542725,0,AAAAAN,2.0,0,AAAAAN,2.0,0,AAAAAN,2.0,2905,GCACCN,0.0936080738902092,1385,CACCCN,0.29138049483299255,1385,CACCCN,0.29138049483299255,True,False,True,-0.009001731872558594,CAGCACACCCCACCGCACCCCCCACACACAAACGGCCGCGC
7,14,37,mlp,recovery,0.0,-0.09567809104919434,0,AAAAAN,2.0,0,AAAAAN,2.0,0,AAAAAN,2.0,2905,GCACCN,0.09173402935266495,1385,CACCCN,0.29441797733306885,1385,CACCCN,0.29441797733306885,True,False,True,-0.006933331489562988,CAGCACACCCCACCGCACCCCCCACACACAAACGGCCGCGC
7,15,37,mlp,recovery,0.0,-0.05367457866668701,0,AAAAAN,2.0,0,AAAAAN,2.0,0,AAAAAN,2.0,2905,GCACCN,0.09637008607387543,1385,CACCCN,0.2873218357563019,1385,CACCCN,0.2873218357563019,True,False,True,0.001130521297454834,CAGCACACCCCACCGCACCCCCCACACACAAACGGCCGCGC
7,16,37,mlp,recovery,0.0,-0.029253244400024414,0,AAAAAN,2.0,0,AAAAAN,2.0,0,AAAAAN,2.0,2905,GCACCN,0.09137682616710663,1385,CACCCN,0.2755073606967926,1385,CACCCN,0.2755073606967926,True,False,True,-0.0047795772552490234,CAGCACACCCCACCGCACCCCCCACCACACAAACGGCCGCGC
7,17,37,mlp,recovery,0.0,-0.011100411415100098,0,AAAAAN,2.0,0,AAAAAN,2.0,0,AAAAAN,2.0,2905,GCACCN,0.09397033601999283,1385,CACCCN,0.273030549287796,1385,CACCCN,0.273030549287796,True,False,True,-0.002898573875427246,CAGCACACCCCACCGCACCCCCCACCCACACAAACGGCCGCGC
8,0,37,mlp,recovery,0.0,-0.008779168128967285,0,AAAAAN,2.0,0,AAAAAN,2.0,0,AAAAAN,2.0,2905,GCACCN,0.09998898208141327,1385,CACCCN,0.27840083837509155,1385,CACCCN,0.27840083837509155,True,False,True,0.0048615336418151855,CAGCACACCCCACCGCACCCCCCACCACACAAACGGCCGCGC
8,1,37,mlp,recovery,0.0,-0.09508001804351807,0,AAAAAN,2.0,0,AAAAAN,2.0,0,AAAAAN,2.0,2905,GCACCN,0.061087459325790405,1385,CACCCN,0.2636043429374695,1385,CACCCN,0.2636043429374695,True,False,True,0.008522331714630127,CAGCACACCCCACCGCACCCCCCACCACACAAACGGCCGCGCC
8,2,37,mlp,recovery,0.0,0.027491986751556396,0,AAAAAN,2.0,0,AAAAAN,2.0,0,AAAAAN,2.0,2905,GCACCN,0.055741436779499054,1385,CACCCN,0.2240222543478012,1385,CACCCN,0.2240222543478012,True,False,True,-0.04347667098045349,CAGCACACCCCACCGCACCCCCCCACCACACAAACGGCCGCGC
8,3,37,mlp,recovery,0.0,0.03857886791229248,0,AAAAAN,2.0,0,AAAAAN,2.0,0,AAAAAN,2.0,2905,GCACCN,0.058763537555933,1385,CACCCN,0.22394759953022003,1385,CACCCN,0.22394759953022003,True,False,True,-0.04509630799293518,CAGCACACCCCACCGCACCCCCCCACCACACAAACGGCCGCGC
8,4,37,mlp,recovery,0.0,0.3328864574432373,0,AAAAAN,2.0,0,AAAAAN,2.0,0,AAAAAN,2.0,2905,GCACCN,0.12599186599254608,1385,CACCCN,0.20897169411182404,1385,CACCCN,0.20897169411182404,True,False,True,0.024473071098327637,CAGCACACCCCACCGCACCCCCCACCACACAAACGGCCGCGC
8,5,37,mlp,recovery,0.0,0.3974663019180298,0,AAAAAN,2.0,0,AAAAAN,2.0,0,AAAAAN,2.0,2905,GCACCN,0.09512815624475479,1385,CACCCN,0.16006991267204285,1385,CACCCN,0.16006991267204285,True,False,True,-0.027424335479736328,CAGCACACCCCACCGCACCCCCCCACCCACACAAACGGCCGCGC
8,6,37,mlp,recovery,0.0,0.3782525658607483,0,AAAAAN,2.0,0,AAAAAN,2.0,0,AAAAAN,2.0,2905,GCACCN,0.09417326748371124,1385,CACCCN,0.16448169946670532,1385,CACCCN,0.16448169946670532,True,False,True,-0.032338500022888184,CAGCACACCCCACCGCACCCCCCCACCCACACAAACGGCCGCGC
8,7,37,mlp,recovery,0.0,0.32116568088531494,0,AAAAAN,2.0,0,AAAAAN,2.0,0,AAAAAN,2.0,2905,GCACCN,0.12884655594825745,1385,CACCCN,0.21510015428066254,1385,CACCCN,0.21510015428066254,True,False,True,-0.01091146469116211,CAGCACACCCCACCGCACCCCCCACCCACACAAACGGCCGCGC
8,8,37,mlp,recovery,0.0,0.13336670398712158,0,AAAAAN,2.0,0,AAAAAN,2.0,0,AAAAAN,2.0,2905,GCACCN,0.12069767713546753,1385,CACCCN,0.259406179189682,1385,CACCCN,0.259406179189682,True,False,True,0.0037516355514526367,CAGCACACCCCACCGCACCCCCCACCACACAAACGGCCGCGC
8,9,37,mlp,recovery,0.0,0.19921660423278809,0,AAAAAN,2.0,0,AAAAAN,2.0,0,AAAAAN,2.0,2905,GCACCN,0.1206435114145279,1385,CACCCN,0.24095921218395233,1385,CACCCN,0.24095921218395233,True,False,True,0.011662423610687256,CAGCACACCCCACCGCACCCCCCACCCACACAAACGGCCGCGC
8,10,37,mlp,recovery,0.0,0.03129202127456665,0,AAAAAN,2.0,0,AAAAAN,2.0,0,AAAAAN,2.0,2905,GCACCN,0.09811865538358688,1385,CACCCN,0.26533806324005127,1385,CACCCN,0.26533806324005127,True,False,True,0.005117297172546387,CAGCACACCCCACCGCACCCCCCACCCACACAAACGGCCGCGC
8,11,37,mlp,recovery,0.0,0.07295054197311401,0,AAAAAN,2.0,0,AAAAAN,2.0,0,AAAAAN,2.0,2905,GCACCN,0.10277893394231796,1385,CACCCN,0.2583625316619873,1385,CACCCN,0.2583625316619873,True,False,True,0.007930934429168701,CAGCACACCCCACCGCACCCCCCACCCACACAAACGGCCGCGC
8,12,37,mlp,recovery,0.0,-0.019616127014160156,0,AAAAAN,2.0,0,AAAAAN,2.0,0,AAAAAN,2.0,2905,GCACCN,0.09906172007322311,1385,CACCCN,0.28050050139427185,1385,CACCCN,0.28050050139427185,True,False,True,0.0043923258781433105,CAGCACACCCCACCGCACCCCCCACCACACAAACGGCCGCGC
8,13,37,mlp,recovery,0.0,0.07068264484405518,0,AAAAAN,2.0,0,AAAAAN,2.0,0,AAAAAN,2.0,2905,GCACCN,0.10719899088144302,1385,CACCCN,0.26341602206230164,1385,CACCCN,0.26341602206230164,True,False,True,0.010097801685333252,CAGCACACCCCACCGCACCCCCCACCCACACAAACGGCCGCGC
8,14,37,mlp,recovery,0.0,0.027101337909698486,0,AAAAAN,2.0,0,AAAAAN,2.0,0,AAAAAN,2.0,2905,GCACCN,0.10319046676158905,1385,CACCCN,0.27158039808273315,1385,CACCCN,0.27158039808273315,True,False,True,0.006508231163024902,CAGCACACCCCACCGCACCCCCCACACACAAACGGCCGCGC
8,15,37,mlp,recovery,0.0,0.06448882818222046,0,AAAAAN,2.0,0,AAAAAN,2.0,0,AAAAAN,2.0,2905,GCACCN,0.09970874339342117,1385,CACCCN,0.2576557993888855,1385,CACCCN,0.2576557993888855,True,False,True,0.008447229862213135,CAGCACACCCCACCGCACCCCCCACCCACACAAACGGCCGCGC
8,16,37,mlp,recovery,0.0,0.007516443729400635,0,AAAAAN,2.0,0,AAAAAN,2.0,0,AAAAAN,2.0,2905,GCACCN,0.095843605697155,1385,CACCCN,0.26970386505126953,1385,CACCCN,0.26970386505126953,True,False,True,0.0026966333389282227,CAGCACACCCCACCGCACCCCCCACCCACACAAACGGCCGCGC
8,17,37,mlp,recovery,0.0,0.013669729232788086,0,AAAAAN,2.0,0,AAAAAN,2.0,0,AAAAAN,2.0,2905,GCACCN,0.0973275676369667,1385,CACCCN,0.26946911215782166,1385,CACCCN,0.26946911215782166,True,False,True,0.004323244094848633,CAGCACACCCCACCGCACCCCCCACCCACACAAACGGCCGCGC
9,0,37,mlp,recovery,0.0,0.009747207164764404,0,AAAAAN,2.0,0,AAAAAN,2.0,0,AAAAAN,2.0,2905,GCACCN,0.10307595133781433,1385,CACCCN,0.2763131260871887,1385,CACCCN,0.2763131260871887,True,False,True,0.005319833755493164,CAGCACACCCCACCGCACCCCCCACCACACAAACGGCCGCGC
9,1,37,mlp,recovery,0.0,0.1176268458366394,0,AAAAAN,2.0,0,AAAAAN,2.0,0,AAAAAN,2.0,2905,GCACCN,0.08246499300003052,1385,CACCCN,0.22556985914707184,1385,CACCCN,0.22556985914707184,True,False,True,-0.0190432071685791,CAGCACACCCCACCGCACCCCCCACCACACAAACGGCCGCGC
9,2,37,mlp,recovery,0.0,0.2395215630531311,0,AAAAAN,2.0,0,AAAAAN,2.0,0,AAAAAN,2.0,2905,GCACCN,0.056139666587114334,1385,CACCCN,0.16519761085510254,1385,CACCCN,0.16519761085510254,True,False,True,0.08554631471633911,CGCGCGCACCCCACCGCACCCCCCACCACACAAACGGCCGCGCC
9,3,37,mlp,recovery,0.0,0.24563825130462646,0,AAAAAN,2.0,0,AAAAAN,2.0,0,AAAAAN,2.0,2905,GCACCN,0.05316163972020149,1385,CACCCN,0.16051112115383148,1385,CACCCN,0.16051112115383148,True,False,True,0.08683812618255615,CGCGCGCACCCCACCGCACCCCCCACCACACAAACGGCCGCGCC
9,4,37,mlp,recovery,0.0,0.19068312644958496,0,AAAAAN,2.0,0,AAAAAN,2.0,0,AAAAAN,2.0,2905,GCACCN,0.055132631212472916,1385,CACCCN,0.17783184349536896,1385,CACCCN,0.17783184349536896,True,False,True,0.026031076908111572,CAGCACACCCCACCGCACCCCCCCACCACACAAACGGCCGCGC
9,5,37,mlp,recovery,0.0,0.2776263356208801,0,AAAAAN,2.0,0,AAAAAN,2.0,0,AAAAAN,2.0,2905,GCACCN,0.05593641847372055,1385,CACCCN,0.1543511599302292,1385,CACCCN,0.1543511599302292,True,False,True,-0.03949582576751709,CAGCACACCCCACCGCACCCCCCCACCCACACAAACGGCCGCGC
9,6,37,mlp,recovery,0.0,0.3031924366950989,0,AAAAAN,2.0,0,AAAAAN,2.0,0,AAAAAN,2.0,2905,GCACCN,0.05893189460039139,1385,CACCCN,0.15020568668842316,1385,CACCCN,0.15020568668842316,True,False,True,-0.038543105125427246,CAGCACACCCCACCGCACCCCCCCACCCACACAAACGGCCGCGC
9,7,37,mlp,recovery,0.0,0.23032104969024658,0,AAAAAN,2.0,0,AAAAAN,2.0,0,AAAAAN,2.0,2905,GCACCN,0.12272510677576065,1385,CACCCN,0.23435290157794952,1385,CACCCN,0.23435290157794952,True,False,True,-0.03496628999710083,CAGCACACCCCACCGCACCCCCCACCCACACAAACGGCCGCGC
9,8,37,mlp,recovery,0.0,0.09068816900253296,0,AAAAAN,2.0,0,AAAAAN,2.0,0,AAAAAN,2.0,2905,GCACCN,0.12975622713565826,1385,CACCCN,0.28038543462753296,1385,CACCCN,0.28038543462753296,True,False,True,0.00019866228103637695,CAGCACACCCCACCGCACCCCCCACCACACAAACGGCACGCGC
9,9,37,mlp,recovery,0.0,0.05693483352661133,0,AAAAAN,2.0,0,AAAAAN,2.0,0,AAAAAN,2.0,2905,GCACCN,0.12226270884275436,1385,CACCCN,0.28231972455978394,1385,CACCCN,0.28231972455978394,True,False,True,7.569789886474609e-06,CAGCACACCCCACCGCACCCCCCACACACAAACGGCCGCGC
9,10,37,mlp,recovery,0.0,-0.009625673294067383,0,AAAAAN,2.0,0,AAAAAN,2.0,0,AAAAAN,2.0,2905,GCACCN,0.09558620303869247,1385,CACCCN,0.27423450350761414,1385,CACCCN,0.27423450350761414,True,False,True,-0.0013276338577270508,CAGCACACCCCACCGCACCCCCCACCCACACAAACGGCCGCGC
9,11,37,mlp,recovery,0.0,-0.018684744834899902,0,AAAAAN,2.0,0,AAAAAN,2.0,0,AAAAAN,2.0,2905,GCACCN,0.09685837477445602,1385,CACCCN,0.27803701162338257,1385,CACCCN,0.27803701162338257,True,False,True,0.002525925636291504,CAGCACACCCCACCGCACCCCCCACCCACACAAACGGCCGCGC
9,12,37,mlp,recovery,0.0,-0.004497647285461426,0,AAAAAN,2.0,0,AAAAAN,2.0,0,AAAAAN,2.0,2905,GCACCN,0.09670139104127884,1385,CACCCN,0.2739173471927643,1385,CACCCN,0.2739173471927643,True,False,True,0.0023458003997802734,CAGCACACCCCACCGCACCCCCCACCACACAAACGGCCGCGC
9,13,37,mlp,recovery,0.0,0.03142136335372925,0,AAAAAN,2.0,0,AAAAAN,2.0,0,AAAAAN,2.0,2905,GCACCN,0.09273676574230194,1385,CACCCN,0.25992003083229065,1385,CACCCN,0.25992003083229065,True,False,True,0.004125356674194336,CAGCACACCCCACCGCACCCCCCACCACACAAACGGCCGCGC
9,14,37,mlp,recovery,0.0,0.024682939052581787,0,AAAAAN,2.0,0,AAAAAN,2.0,0,AAAAAN,2.0,2905,GCACCN,0.09071147441864014,1385,CACCCN,0.25977689027786255,1385,CACCCN,0.25977689027786255,True,False,True,0.0018246173858642578,CAGCACACCCCACCGCACCCCCCACCACACAAACGGCCGCGC
9,15,37,mlp,recovery,0.0,0.03272891044616699,0,AAAAAN,2.0,0,AAAAAN,2.0,0,AAAAAN,2.0,2905,GCACCN,0.08832227438688278,1385,CACCCN,0.2551403343677521,1385,CACCCN,0.2551403343677521,True,False,True,0.0026832222938537598,CAGCACACCCCACCGCACCCCCCACCCACACAAACGGCCGCGC
9,16,37,mlp,recovery,0.0,-0.010509371757507324,0,AAAAAN,2.0,0,AAAAAN,2.0,0,AAAAAN,2.0,2905,GCACCN,0.08905086666345596,1385,CACCCN,0.2679459750652313,1385,CACCCN,0.2679459750652313,True,False,True,-0.002358376979827881,CAGCACACCCCACCGCACCCCCCACCCACACAAACGGCCGCGC
9,17,37,mlp,recovery,0.0,0.0032050013542175293,0,AAAAAN,2.0,0,AAAAAN,2.0,0,AAAAAN,2.0,2905,GCACCN,0.09135378897190094,1385,CACCCN,0.2664182782173157,1385,CACCCN,0.2664182782173157,True,False,True,-0.0012204647064208984,CAGCACACCCCACCGCACCCCCCACCCACACAAACGGCCGCGC
10,0,37,mlp,recovery,0.0,0.005919933319091797,0,AAAAAN,2.0,0,AAAAAN,2.0,0,AAAAAN,2.0,2905,GCACCN,0.08985821157693863,1385,CACCCN,0.26416438817977905,1385,CACCCN,0.26416438817977905,True,False,True,0.007478296756744385,CAGCACACCCCACCGCACCCCCCACCACACAAACGGCCGCGC
10,1,37,mlp,recovery,0.0,0.43025869131088257,0,AAAAAN,2.0,0,AAAAAN,2.0,427,ACCCCC,2.14453125,2905,GCACCN,0.012735637836158276,1385,CACCCN,0.0685180276632309,2025,CGCCCN,0.09970074892044067,False,False,True,-0.1802884340286255,CAGCACACCCCACCGCCCCCCCACCACACAAACGGCCGCGC
10,2,37,mlp,recovery,0.0,0.3396173119544983,0,AAAAAN,2.0,0,AAAAAN,2.0,0,AAAAAN,2.0,2905,GCACCN,0.014827171340584755,1385,CACCCN,0.09592697769403458,2025,CGCCCN,0.10624630749225616,True,False,True,-0.23029592633247375,CAGCACACCCCACCGCCCCCCCACCACACAAACGGCCGCGC
10,3,37,mlp,recovery,0.0,0.33793240785598755,0,AAAAAN,2.0,0,AAAAAN,2.0,0,AAAAAN,2.0,2905,GCACCN,0.01491590030491352,1385,CACCCN,0.09648630768060684,2025,CGCCCN,0.10691474378108978,True,False,True,-0.23406243324279785,CAGCACACCCCACCGCCCCCCCACCACACAAACGGCCGCGC
10,4,37,mlp,recovery,0.0,0.2610982656478882,0,AAAAAN,2.0,0,AAAAAN,2.0,0,AAAAAN,2.0,2905,GCACCN,0.10239935666322708,1385,CACCCN,0.20543062686920166,1385,CACCCN,0.20543062686920166,True,False,True,0.13368111848831177,CGCGCGCACCCCACCGCACCCCCCACCCACACAAACGGCCGCGCCC
10,5,37,mlp,recovery,0.0,0.17030274868011475,0,AAAAAN,2.0,0,AAAAAN,2.0,0,AAAAAN,2.0,2905,GCACCN,0.08904343843460083,1385,CACCCN,0.21743518114089966,1385,CACCCN,0.21743518114089966,True,False,True,-0.017184793949127197,CAGCACACCCCACCGCACCCCCCCACCCACACAAACGGCCGCGC
10,6,37,mlp,recovery,0.0,0.19991964101791382,0,AAAAAN,2.0,0,AAAAAN,2.0,0,AAAAAN,2.0,2905,GCACCN,0.09680426865816116,1385,CACCCN,0.21692360937595367,1385,CACCCN,0.21692360937595367,True,False,True,-0.011194109916687012,CAGCACACCCCACCGCACCCCCCCACCCACACAAACGGCCGCGC
10,7,37,mlp,recovery,0.0,0.18044167757034302,0,AAAAAN,2.0,0,AAAAAN,2.0,0,AAAAAN,2.0,2905,GCACCN,0.09756816178560257,1385,CACCCN,0.22312797605991364,1385,CACCCN,0.22312797605991364,True,False,True,-0.01751178503036499,CAGCACACCCCACCGCACCCCCCACCCACACAAACGGCCGCGC
10,8,37,mlp,recovery,0.0,0.05684947967529297,0,AAAAAN,2.0,0,AAAAAN,2.0,0,AAAAAN,2.0,2905,GCACCN,0.10158592462539673,1385,CACCCN,0.26166677474975586,1385,CACCCN,0.26166677474975586,True,False,True,-0.00583416223526001,CAGCACACCCCACCGCACCCCCCACCACACAAACGGCCGCGC
10,9,37,mlp,recovery,0.0,0.015473246574401855,0,AAAAAN,2.0,0,AAAAAN,2.0,0,AAAAAN,2.0,2905,GCACCN,0.09719359129667282,1385,CACCCN,0.26883140206336975,1385,CACCCN,0.26883140206336975,True,False,True,0.0026310086250305176,CAGCACACCCCACCGCACCCCCCACCCACACAAACGGCCGCGC
10,10,37,mlp,recovery,0.0,-0.0001723766326904297,0,AAAAAN,2.0,0,AAAAAN,2.0,0,AAAAAN,2.0,2905,GCACCN,0.09459603577852249,1385,CACCCN,0.27060389518737793,1385,CACCCN,0.27060389518737793,True,False,True,0.004608094692230225,CAGCACACCCCACCGCACCCCCCACCCACACAAACGGCCGCGC
10,11,37,mlp,recovery,0.0,-0.01144397258758545,0,AAAAAN,2.0,0,AAAAAN,2.0,0,AAAAAN,2.0,2905,GCACCN,0.09387864917516708,1385,CACCCN,0.27303481101989746,1385,CACCCN,0.27303481101989746,True,False,True,0.0040367841720581055,CAGCACACCCCACCGCACCCCCCACCCACACAAACGGCCGCGC
10,12,37,mlp,recovery,0.0,-0.05609750747680664,0,AAAAAN,2.0,0,AAAAAN,2.0,0,AAAAAN,2.0,2905,GCACCN,0.08467146754264832,1385,CACCCN,0.27630001306533813,1385,CACCCN,0.27630001306533813,True,False,True,-0.0050005316734313965,CAGCACACCCCACCGCACCCCCCACACACAAACGGCCGCGC
10,13,37,mlp,recovery,0.0,-0.07651472091674805,0,AAAAAN,2.0,0,AAAAAN,2.0,0,AAAAAN,2.0,2905,GCACCN,0.08449792861938477,1385,CACCCN,0.28182926774024963,1385,CACCCN,0.28182926774024963,True,False,True,-0.004499495029449463,CAGCACACCCCACCGCACCCCCCACCACACAAACGGCCGCGC
10,14,37,mlp,recovery,0.0,-0.068367600440979,0,AAAAAN,2.0,0,AAAAAN,2.0,0,AAAAAN,2.0,2905,GCACCN,0.08555549383163452,1385,CACCCN,0.2806112468242645,1385,CACCCN,0.2806112468242645,True,False,True,-0.007692873477935791,CAGCACACCCCACCGCACCCCCCACCACACAAACGGCCGCGC
10,15,37,mlp,recovery,0.0,2.390146255493164e-05,0,AAAAAN,2.0,0,AAAAAN,2.0,0,AAAAAN,2.0,2905,GCACCN,0.09234829246997833,1385,CACCCN,0.2683013379573822,1385,CACCCN,0.2683013379573822,True,False,True,-0.003972768783569336,CAGCACACCCCACCGCACCCCCCACCACACAAACGGCCGCGC
10,16,37,mlp,recovery,0.0,0.026968181133270264,0,AAAAAN,2.0,0,AAAAAN,2.0,0,AAAAAN,2.0,2905,GCACCN,0.09309066832065582,1385,CACCCN,0.26151779294013977,1385,CACCCN,0.26151779294013977,True,False,True,-0.0009935498237609863,CAGCACACCCCACCGCACCCCCCACCACACAAACGGCCGCGC
10,17,37,mlp,recovery,0.0,0.026642024517059326,0,AAAAAN,2.0,0,AAAAAN,2.0,0,AAAAAN,2.0,2905,GCACCN,0.09644702821969986,1385,CACCCN,0.2649652361869812,1385,CACCCN,0.2649652361869812,True,False,True,0.0031073689460754395,CAGCACACCCCACCGCACCCCCCACCACACAAACGGCCGCGC
11,0,37,mlp,recovery,0.0,0.01079714298248291,0,AAAAAN,2.0,0,AAAAAN,2.0,0,AAAAAN,2.0,2905,GCACCN,0.08960486203432083,1385,CACCCN,0.2625487744808197,1385,CACCCN,0.2625487744808197,True,False,True,0.0034651756286621094,CAGCACACCCCACCGCACCCCCCACCACACAAACGGCCGCGC
11,1,37,mlp,recovery,0.0,0.3868424892425537,0,AAAAAN,2.0,0,AAAAAN,2.0,427,ACCCCC,2.3125,2905,GCACCN,0.013890448957681656,1385,CACCCN,0.08179958909749985,2025,CGCCCN,0.11599130928516388,False,False,True,-0.18881312012672424,CAGCACACCCCACCGCCCCCCCACCACACAAACGGCCGCGC
11,2,37,mlp,recovery,0.0,0.3320413827896118,0,AAAAAN,2.0,0,AAAAAN,2.0,427,ACCCCC,2.171875,2905,GCACCN,0.012305543757975101,1385,CACCCN,0.09552139788866043,2025,CGCCCN,0.12439911812543869,False,False,True,-0.24477514624595642,CAGCACACCCCACCGCCCCCCAGACCACACAAACGGCCGCGCC
11,3,37,mlp,recovery,0.0,0.3408913016319275,0,AAAAAN,2.0,0,AAAAAN,2.0,427,ACCCCC,2.169921875,2905,GCACCN,0.012233668006956577,1385,CACCCN,0.0929776206612587,2025,CGCCCN,0.12220744788646698,False,False,True,-0.24851757287979126,CAGCACACCCCACCGCCCCCCAGACCACACAAACGGCCGCGCC
11,4,37,mlp,recovery,0.0,0.320167601108551,0,AAAAAN,2.0,0,AAAAAN,2.0,0,AAAAAN,2.0,2905,GCACCN,0.07736337929964066,1385,CACCCN,0.16389577090740204,1385,CACCCN,0.16389577090740204,True,False,True,0.15976697206497192,CGCGCGCACCCCACCGCACCCCCCACCCACACAAACGGCCGCGCC
11,5,37,mlp,recovery,0.0,0.1570221185684204,0,AAAAAN,2.0,0,AAAAAN,2.0,0,AAAAAN,2.0,2905,GCACCN,0.09490004926919937,1385,CACCCN,0.22700126469135284,1385,CACCCN,0.22700126469135284,True,False,True,-0.026153624057769775,CAGCACACCCCACCGCACCCCCCACCCACACAAACGGCCGCGC
11,6,37,mlp,recovery,0.0,0.11139559745788574,0,AAAAAN,2.0,0,AAAAAN,2.0,0,AAAAAN,2.0,2905,GCACCN,0.10904856026172638,1385,CACCCN,0.2538939118385315,1385,CACCCN,0.2538939118385315,True,False,True,-0.008892953395843506,CAGCACACCCCACCGCACCCCCCACCCACACAAACGGCCGCGC
11,7,37,mlp,recovery,0.0,0.02330183982849121,0,AAAAAN,2.0,0,AAAAAN,2.0,0,AAAAAN,2.0,2905,GCACCN,0.09429420530796051,1385,CACCCN,0.26374536752700806,1385,CACCCN,0.26374536752700806,True,False,True,-0.009271085262298584,CAGCACACCCCACCGCACCCCCCACCACACAAACGGCCGCGC
11,8,37,mlp,recovery,0.0,-0.060588955879211426,0,AAAAAN,2.0,0,AAAAAN,2.0,0,AAAAAN,2.0,2905,GCACCN,0.09890338778495789,1385,CACCCN,0.29178643226623535,1385,CACCCN,0.29178643226623535,True,False,True,-0.0004381537437438965,CAGCACACCCCACCGCACCCCCCACCACACAAACGGCCGCGC
11,9,37,mlp,recovery,0.0,-0.09529626369476318,0,AAAAAN,2.0,0,AAAAAN,2.0,0,AAAAAN,2.0,2905,GCACCN,0.09383374452590942,1385,CACCCN,0.29641103744506836,1385,CACCCN,0.29641103744506836,True,False,True,-0.004494369029998779,CAGCACACCCCACCGCACCCCCCACCACACAAACGGCCGCGC
11,10,37,mlp,recovery,0.0,-0.058388352394104004,0,AAAAAN,2.0,0,AAAAAN,2.0,0,AAAAAN,2.0,2905,GCACCN,0.08765954524278641,1385,CACCCN,0.27992793917655945,1385,CACCCN,0.27992793917655945,True,False,True,-0.005151987075805664,CAGCACACCCCACCGCACCCCCAGACCACACAAACGGCCGCGC
11,11,37,mlp,recovery,0.0,-0.07438218593597412,0,AAAAAN,2.0,0,AAAAAN,2.0,0,AAAAAN,2.0,2905,GCACCN,0.08712918311357498,1385,CACCCN,0.2838648855686188,1385,CACCCN,0.2838648855686188,True,False,True,-0.0036078691482543945,CAGCACACCCCACCGCACCCCCCACCCACACAAACGGCCGCGC
11,12,37,mlp,recovery,0.0,-0.013296842575073242,0,AAAAAN,2.0,0,AAAAAN,2.0,0,AAAAAN,2.0,2905,GCACCN,0.09521757811307907,1385,CACCCN,0.27489128708839417,1385,CACCCN,0.27489128708839417,True,False,True,0.005885601043701172,CAGCACACCCCACCGCACCCCCCACACACAAACGGCCGCGC
11,13,37,mlp,recovery,0.0,-0.023680448532104492,0,AAAAAN,2.0,0,AAAAAN,2.0,0,AAAAAN,2.0,2905,GCACCN,0.09944909065961838,1385,CACCCN,0.2820230722427368,1385,CACCCN,0.2820230722427368,True,False,True,0.009482860565185547,CAGCACACCCCACCGCACCCCCCACACACAAACGGCCGCGC
11,14,37,mlp,recovery,0.0,-0.0034558773040771484,0,AAAAAN,2.0,0,AAAAAN,2.0,0,AAAAAN,2.0,2905,GCACCN,0.10006792098283768,1385,CACCCN,0.27699288725852966,1385,CACCCN,0.27699288725852966,True,False,True,0.01055908203125,CAGCACACCCCACCGCACCCCCCACCCACACAAACGGCCGCGC
11,15,37,mlp,recovery,0.0,0.01256626844406128,0,AAAAAN,2.0,0,AAAAAN,2.0,0,AAAAAN,2.0,2905,GCACCN,0.09269241988658905,1385,CACCCN,0.26514220237731934,1385,CACCCN,0.26514220237731934,True,False,True,0.0012564659118652344,CAGCACACCCCACCGCACCCCCCACCACACAAACGGCCGCGC
11,16,37,mlp,recovery,0.0,-0.004851818084716797,0,AAAAAN,2.0,0,AAAAAN,2.0,0,AAAAAN,2.0,2905,GCACCN,0.08873187750577927,1385,CACCCN,0.26604676246643066,1385,CACCCN,0.26604676246643066,True,False,True,0.00132828950881958,CAGCACACCCCACCGCACCCCCCACCCACACAAACGGCCGCGC
11,17,37,mlp,recovery,0.0,-0.008191704750061035,0,AAAAAN,2.0,0,AAAAAN,2.0,0,AAAAAN,2.0,2905,GCACCN,0.09168437123298645,1385,CACCCN,0.2699321210384369,1385,CACCCN,0.2699321210384369,True,False,True,0.002515554428100586,CAGCACACCCCACCGCACCCCCCACCCACACAAACGGCCGCGC
12,0,37,mlp,recovery,0.0,0.015556812286376953,0,AAAAAN,2.0,0,AAAAAN,2.0,0,AAAAAN,2.0,2905,GCACCN,0.09531228244304657,1385,CACCCN,0.26692676544189453,1385,CACCCN,0.26692676544189453,True,False,True,-0.004706382751464844,CAGCACACCCCACCGCACCCCCCACCACACAAACGGCCGCGC
12,1,37,mlp,recovery,0.0,0.09865337610244751,0,AAAAAN,2.0,0,AAAAAN,2.0,0,AAAAAN,2.0,2905,GCACCN,0.0829344391822815,1385,CACCCN,0.23133884370326996,1385,CACCCN,0.23133884370326996,True,False,True,-0.06891444325447083,CAGCGCACCCCACCGCACCCCCCACCACACAAACGGCCGCGC
12,2,37,mlp,recovery,0.0,0.290579617023468,0,AAAAAN,2.0,0,AAAAAN,2.0,1487,CAGGCC,2.068359375,2905,GCACCN,0.06872635334730148,1385,CACCCN,0.16352306306362152,1385,CACCCN,0.16352306306362152,False,False,True,0.04697698354721069,CGCGCGCACCCCACCGCGCCCCCCCACCCACACAAACGGCACGCGCC
12,3,37,mlp,recovery,0.0,0.31959354877471924,0,AAAAAN,2.0,0,AAAAAN,2.0,687,AGAGCC,2.04296875,2905,GCACCN,0.06437226384878159,1385,CACCCN,0.15106499195098877,2025,CGCCCN,0.17493388056755066,False,False,True,0.036894917488098145,CGCGCGCACCCCACCGCGCCCCCCCACCCACACAAACGGCACCGCGCC
12,4,37,mlp,recovery,0.0,0.4114995002746582,0,AAAAAN,2.0,0,AAAAAN,2.0,0,AAAAAN,2.0,2905,GCACCN,0.04778924584388733,1385,CACCCN,0.10881133377552032,2025,CGCCCN,0.12174395471811295,True,False,True,0.09532046318054199,CGCGCGCACCCCACCGCGCCCCGGGGGAGGGCACAAACGGCACGCGCC
12,5,37,mlp,recovery,0.0,0.2906399369239807,0,AAAAAN,2.0,0,AAAAAN,2.0,0,AAAAAN,2.0,2905,GCACCN,0.07258100807666779,1385,CACCCN,0.16736088693141937,1385,CACCCN,0.16736088693141937,True,False,True,-0.03322643041610718,CAGCACACCCCACCGCACCCCCCCACCCACACAAACGGCCGCGC
12,6,37,mlp,recovery,0.0,0.23929107189178467,0,AAAAAN,2.0,0,AAAAAN,2.0,0,AAAAAN,2.0,2905,GCACCN,0.07541617751121521,1385,CACCCN,0.18453851342201233,1385,CACCCN,0.18453851342201233,True,False,True,-0.0217897891998291,CAGCACACCCCACCGCACCCCCCACCCACACAAACGGCCGCGC
12,7,37,mlp,recovery,0.0,0.12414330244064331,0,AAAAAN,2.0,0,AAAAAN,2.0,0,AAAAAN,2.0,2905,GCACCN,0.11160089820623398,1385,CACCCN,0.252885639667511,1385,CACCCN,0.252885639667511,True,False,True,-0.007901549339294434,CAGCACACCCCACCGCACCCCCCACCACACAAACGGCCGCGC
12,8,37,mlp,recovery,0.0,-0.02995443344116211,0,AAAAAN,2.0,0,AAAAAN,2.0,0,AAAAAN,2.0,2905,GCACCN,0.09555762261152267,1385,CACCCN,0.2798840403556824,1385,CACCCN,0.2798840403556824,True,False,True,-0.0026692748069763184,CAGCACACCCCACCGCACCCCCCACCACACAAACGGCCGCGC
12,9,37,mlp,recovery,0.0,0.0007829666137695312,0,AAAAAN,2.0,0,AAAAAN,2.0,0,AAAAAN,2.0,2905,GCACCN,0.11007928103208542,1385,CACCCN,0.2858203053474426,1385,CACCCN,0.2858203053474426,True,False,True,-0.001531064510345459,CAGCACACCCCACCGCACCCCCCACCACACAAACGGCCGCGC
12,10,37,mlp,recovery,0.0,0.007495880126953125,0,AAAAAN,2.0,0,AAAAAN,2.0,0,AAAAAN,2.0,2905,GCACCN,0.10192731022834778,1385,CACCCN,0.27579331398010254,1385,CACCCN,0.27579331398010254,True,False,True,-0.0024967193603515625,CAGCACACCCCACCGCACCCCCCACACACAAACGGCCGCGC
12,11,37,mlp,recovery,0.0,-0.004258990287780762,0,AAAAAN,2.0,0,AAAAAN,2.0,0,AAAAAN,2.0,2905,GCACCN,0.10256607085466385,1385,CACCCN,0.279715359210968,1385,CACCCN,0.279715359210968,True,False,True,-0.002835392951965332,CAGCACACCCCACCGCACCCCCCACACACAAACGGCCGCGC
12,12,37,mlp,recovery,0.0,-0.02718508243560791,0,AAAAAN,2.0,0,AAAAAN,2.0,0,AAAAAN,2.0,2905,GCACCN,0.0836339220404625,1385,CACCCN,0.26718682050704956,1385,CACCCN,0.26718682050704956,True,False,True,-0.0017570257186889648,CAGCACACCCCACCGCACCCCCCACCCACACAAACGGCCGCGC
12,13,37,mlp,recovery,0.0,-0.07240474224090576,0,AAAAAN,2.0,0,AAAAAN,2.0,0,AAAAAN,2.0,2905,GCACCN,0.08488739281892776,1385,CACCCN,0.2810707688331604,1385,CACCCN,0.2810707688331604,True,False,True,-0.000735163688659668,CAGCACACCCCACCGCACCCCCCACCCACACAAACGGCCGCGC
12,14,37,mlp,recovery,0.0,-0.06735384464263916,0,AAAAAN,2.0,0,AAAAAN,2.0,0,AAAAAN,2.0,2905,GCACCN,0.08622368425130844,1385,CACCCN,0.28099626302719116,1385,CACCCN,0.28099626302719116,True,False,True,-0.0005339384078979492,CAGCACACCCCACCGCACCCCCCACCCACACAAACGGCCGCGC
12,15,37,mlp,recovery,0.0,-0.05428886413574219,0,AAAAAN,2.0,0,AAAAAN,2.0,0,AAAAAN,2.0,2905,GCACCN,0.09046711772680283,1385,CACCCN,0.2815904915332794,1385,CACCCN,0.2815904915332794,True,False,True,-0.004803478717803955,CAGCACACCCCACCGCACCCCCCACCACACAAACGGCCGCGC
12,16,37,mlp,recovery,0.0,-0.051425933837890625,0,AAAAAN,2.0,0,AAAAAN,2.0,0,AAAAAN,2.0,2905,GCACCN,0.08765783160924911,1385,CACCCN,0.27798154950141907,1385,CACCCN,0.27798154950141907,True,False,True,-0.004877328872680664,CAGCACACCCCACCGCACCCCCCACACACAAACGGCCGCGC
12,17,37,mlp,recovery,0.0,-0.037262678146362305,0,AAAAAN,2.0,0,AAAAAN,2.0,0,AAAAAN,2.0,2905,GCACCN,0.08803977072238922,1385,CACCCN,0.27440744638442993,1385,CACCCN,0.27440744638442993,True,False,True,-0.004874169826507568,CAGCACACCCCACCGCACCCCCCACACACAAACGGCCGCGC
13,0,37,mlp,recovery,0.0,-0.017308592796325684,0,AAAAAN,2.0,0,AAAAAN,2.0,0,AAAAAN,2.0,2905,GCACCN,0.097550168633461,1385,CACCCN,0.27834439277648926,1385,CACCCN,0.27834439277648926,True,False,True,0.005804538726806641,CAGCACACCCCACCGCACCCCCCACCACACAAACGGCCGCGC
13,1,37,mlp,recovery,0.0,0.15077728033065796,0,AAAAAN,2.0,0,AAAAAN,2.0,0,AAAAAN,2.0,2905,GCACCN,0.0809096023440361,1385,CACCCN,0.2147550880908966,1385,CACCCN,0.2147550880908966,True,False,True,-0.10608303546905518,CAGCACACCCCACCGCACCCCCCACCACACAAACGGCCGCGC
13,2,37,mlp,recovery,0.0,0.31696605682373047,0,AAAAAN,2.0,0,AAAAAN,2.0,3647,GTCGCC,2.06640625,2905,GCACCN,0.0761723518371582,1385,CACCCN,0.16359896957874298,1385,CACCCN,0.16359896957874298,False,False,True,-0.06202131509780884,CGCGCGCACCCCACCGCACCCCCCACCCACACAAACGGCACGCGCC
13,3,37,mlp,recovery,0.0,0.36219722032546997,0,AAAAAN,2.0,0,AAAAAN,2.0,3647,GTCGCC,2.125,2905,GCACCN,0.07314769178628922,1385,CACCCN,0.14794062077999115,1385,CACCCN,0.14794062077999115,False,False,True,-0.07134482264518738,CGCGCGCACCCCACCGCACCCCCCACCCACACAAACGGCACGCGCC
13,4,37,mlp,recovery,0.0,0.3736013174057007,0,AAAAAN,2.0,0,AAAAAN,2.0,0,AAAAAN,2.0,2905,GCACCN,0.09056450426578522,1385,CACCCN,0.1621720939874649,2025,CGCCCN,0.16941635310649872,True,False,True,0.012013077735900879,CGCGCGCACCCCACCGCGCCCCCCCACCCACACAAACGGCACGCGCC
13,5,37,mlp,recovery,0.0,0.32895004749298096,0,AAAAAN,2.0,0,AAAAAN,2.0,0,AAAAAN,2.0,2905,GCACCN,0.11269081383943558,1385,CACCCN,0.19677014648914337,1385,CACCCN,0.19677014648914337,True,False,True,-0.053392231464385986,CAGCACACCCCACCGCACCCCCCACCCACACAAACGGCCGCGC
13,6,37,mlp,recovery,0.0,0.3201135993003845,0,AAAAAN,2.0,0,AAAAAN,2.0,0,AAAAAN,2.0,2905,GCACCN,0.13373899459838867,1385,CACCCN,0.22028645873069763,1385,CACCCN,0.22028645873069763,True,False,True,-0.035750389099121094,CAGCACACCCCACCGCACCCCCCACCCACACAAACGGCCGCGC
13,7,37,mlp,recovery,0.0,0.16625815629959106,0,AAAAAN,2.0,0,AAAAAN,2.0,0,AAAAAN,2.0,2905,GCACCN,0.12299570441246033,1385,CACCCN,0.2525171637535095,1385,CACCCN,0.2525171637535095,True,False,True,-0.018763065338134766,CAGCACACCCCACCGCACCCCCCACCACACAAACGGCCGCGC
13,8,37,mlp,recovery,0.0,-0.0049970149993896484,0,AAAAAN,2.0,0,AAAAAN,2.0,0,AAAAAN,2.0,2905,GCACCN,0.09731360524892807,1385,CACCCN,0.2746690511703491,1385,CACCCN,0.2746690511703491,True,False,True,-0.0021762847900390625,CAGCACACCCCACCGCACCCCCCACCACACAAACGGCCGCGC
13,9,37,mlp,recovery,0.0,0.03526204824447632,0,AAAAAN,2.0,0,AAAAAN,2.0,0,AAAAAN,2.0,2905,GCACCN,0.09239135682582855,1385,CACCCN,0.2585018575191498,1385,CACCCN,0.2585018575191498,True,False,True,-0.0004774928092956543,CAGCACACCCCACCGCACCCCCCACCACACAAACGGCCGCGC
13,10,37,mlp,recovery,0.0,0.017045676708221436,0,AAAAAN,2.0,0,AAAAAN,2.0,0,AAAAAN,2.0,2905,GCACCN,0.09866368025541306,1385,CACCCN,0.2698622941970825,1385,CACCCN,0.2698622941970825,True,False,True,0.0013992786407470703,CAGCACACCCCACCGCACCCCCCACCACACAAACGGCCGCGC
13,11,37,mlp,recovery,0.0,0.057213008403778076,0,AAAAAN,2.0,0,AAAAAN,2.0,0,AAAAAN,2.0,2905,GCACCN,0.10416114330291748,1385,CACCCN,0.26414045691490173,1385,CACCCN,0.26414045691490173,True,False,True,0.001235365867614746,CAGCACACCCCACCGCACCCCCCACCACACAAACGGCCGCGC
13,12,37,mlp,recovery,0.0,0.04759955406188965,0,AAAAAN,2.0,0,AAAAAN,2.0,0,AAAAAN,2.0,2905,GCACCN,0.09820803254842758,1385,CACCCN,0.2608725130558014,1385,CACCCN,0.2608725130558014,True,False,True,0.0017476677894592285,CAGCACACCCCACCGCACCCCCCACCCACACAAACGGCCGCGC
13,13,37,mlp,recovery,0.0,0.004806101322174072,0,AAAAAN,2.0,0,AAAAAN,2.0,0,AAAAAN,2.0,2905,GCACCN,0.0949985608458519,1385,CACCCN,0.26961585879325867,1385,CACCCN,0.26961585879325867,True,False,True,0.002397894859313965,CAGCACACCCCACCGCACCCCCCACCCACACAAACGGCCGCGC
13,14,37,mlp,recovery,0.0,-0.012616991996765137,0,AAAAAN,2.0,0,AAAAAN,2.0,0,AAAAAN,2.0,2905,GCACCN,0.09225403517484665,1385,CACCCN,0.27173784375190735,1385,CACCCN,0.27173784375190735,True,False,True,0.004019439220428467,CAGCACACCCCACCGCACCCCCCACCCACACAAACGGCCGCGC
13,15,37,mlp,recovery,0.0,-0.04348742961883545,0,AAAAAN,2.0,0,AAAAAN,2.0,0,AAAAAN,2.0,2905,GCACCN,0.09078892320394516,1385,CACCCN,0.2788952887058258,1385,CACCCN,0.2788952887058258,True,False,True,-0.0025297999382019043,CAGCACACCCCACCGCACCCCCCACCACACAAACGGCCGCGC
13,16,37,mlp,recovery,0.0,-0.06115984916687012,0,AAAAAN,2.0,0,AAAAAN,2.0,0,AAAAAN,2.0,2905,GCACCN,0.09182067960500717,1385,CACCCN,0.2848632037639618,1385,CACCCN,0.2848632037639618,True,False,True,-0.004626750946044922,CAGCACACCCCACCGCACCCCCCACACACAAACGGCCGCGC
13,17,37,mlp,recovery,0.0,-0.04842984676361084,0,AAAAAN,2.0,0,AAAAAN,2.0,0,AAAAAN,2.0,2905,GCACCN,0.09169979393482208,1385,CACCCN,0.28118667006492615,1385,CACCCN,0.28118667006492615,True,False,True,-0.006317794322967529,CAGCACACCCCACCGCACCCCCCACACACAAACGGCCGCGC
14,0,37,mlp,recovery,0.0,0.005905747413635254,0,AAAAAN,2.0,0,AAAAAN,2.0,0,AAAAAN,2.0,2905,GCACCN,0.09839849174022675,1385,CACCCN,0.2727086544036865,1385,CACCCN,0.2727086544036865,True,False,True,-0.010968327522277832,CAGCACACCCCACCGCACCCCCCACCACACAAACGGCCGCGC
14,1,37,mlp,recovery,0.0,0.21992892026901245,0,AAAAAN,2.0,0,AAAAAN,2.0,427,ACCCCC,2.115234375,2905,GCACCN,0.04883554205298424,1385,CACCCN,0.16336600482463837,1385,CACCCN,0.16336600482463837,False,False,True,-0.15360191464424133,CAGCACACCCCACCGCACCCCCCCACCACACAAACGGCCGCGC
14,2,37,mlp,recovery,0.0,0.3134074807167053,0,AAAAAN,2.0,0,AAAAAN,2.0,3647,GTCGCC,2.24609375,2905,GCACCN,0.04434581473469734,1385,CACCCN,0.13276638090610504,1385,CACCCN,0.13276638090610504,False,False,True,-0.1488475799560547,CGCGCACACCCCACCGCACCCCCCCACACACAAACGGCCGCGC
14,3,37,mlp,recovery,0.0,0.34018510580062866,0,AAAAAN,2.0,0,AAAAAN,2.0,3647,GTCGCC,2.234375,2905,GCACCN,0.04322372004389763,1385,CACCCN,0.12416493147611618,1385,CACCCN,0.12416493147611618,False,False,True,-0.1652996838092804,CGCGCACACCCCACCGCACCCCCCCACACACAAACGGCCGCGC
14,4,37,mlp,recovery,0.0,0.37982648611068726,0,AAAAAN,2.0,0,AAAAAN,2.0,0,AAAAAN,2.0,2905,GCACCN,0.05926572158932686,1385,CACCCN,0.12913453578948975,2025,CGCCCN,0.21812213957309723,True,False,True,0.028944015502929688,CGCGCGCACCCCACCGCGCCCCCCCACCCACACAAACGGCACGCGCC
14,5,37,mlp,recovery,0.0,0.3056519627571106,0,AAAAAN,2.0,0,AAAAAN,2.0,0,AAAAAN,2.0,2905,GCACCN,0.08930159360170364,1385,CACCCN,0.17988841235637665,1385,CACCCN,0.17988841235637665,True,False,True,-0.059994637966156006,CAGCACACCCCACCGCACCCCCCACCCACACAAACGGCCGCGC
14,6,37,mlp,recovery,0.0,0.3014180064201355,0,AAAAAN,2.0,0,AAAAAN,2.0,0,AAAAAN,2.0,2905,GCACCN,0.09523406624794006,1385,CACCCN,0.1870034784078598,1385,CACCCN,0.1870034784078598,True,False,True,-0.053967833518981934,CAGCACACCCCACCGCACCCCCCACCCACACAAACGGCCGCGC
14,7,37,mlp,recovery,0.0,0.18675774335861206,0,AAAAAN,2.0,0,AAAAAN,2.0,0,AAAAAN,2.0,2905,GCACCN,0.104772187769413,1385,CACCCN,0.22856780886650085,1385,CACCCN,0.22856780886650085,True,False,True,-0.015169620513916016,CAGCACACCCCACCGCACCCCCCACCACACAAACGGCCGCGC
14,8,37,mlp,recovery,0.0,0.08823764324188232,0,AAAAAN,2.0,0,AAAAAN,2.0,0,AAAAAN,2.0,2905,GCACCN,0.10183658450841904,1385,CACCCN,0.2531502842903137,1385,CACCCN,0.2531502842903137,True,False,True,-0.009601950645446777,CAGCACACCCCACCGCACCCCCCACCACACAAACGGCCGCGC
14,9,37,mlp,recovery,0.0,0.06634879112243652,0,AAAAAN,2.0,0,AAAAAN,2.0,0,AAAAAN,2.0,2905,GCACCN,0.09770850837230682,1385,CACCCN,0.25513604283332825,1385,CACCCN,0.25513604283332825,True,False,True,-0.004586219787597656,CAGCACACCCCACCGCACCCCCCACCCACACAAACGGCCGCGC
14,10,37,mlp,recovery,0.0,0.0029878616333007812,0,AAAAAN,2.0,0,AAAAAN,2.0,0,AAAAAN,2.0,2905,GCACCN,0.0963127538561821,1385,CACCCN,0.2714379131793976,1385,CACCCN,0.2714379131793976,True,False,True,0.0012617707252502441,CAGCACACCCCACCGCACCCCCCACCCACACAAACGGCCGCGC
14,11,37,mlp,recovery,0.0,0.03911954164505005,0,AAAAAN,2.0,0,AAAAAN,2.0,0,AAAAAN,2.0,2905,GCACCN,0.09966487437486649,1385,CACCCN,0.26469793915748596,1385,CACCCN,0.26469793915748596,True,False,True,0.0043447017669677734,CAGCACACCCCACCGCACCCCCCACCCACACAAACGGCCGCGC
14,12,37,mlp,recovery,0.0,0.08390331268310547,0,AAAAAN,2.0,0,AAAAAN,2.0,0,AAAAAN,2.0,2905,GCACCN,0.10224368423223495,1385,CACCCN,0.2547680139541626,1385,CACCCN,0.2547680139541626,True,False,True,0.00852113962173462,CAGCACACCCCACCGCACCCCCCACCCACACAAACGGCCGCGC
14,13,37,mlp,recovery,0.0,0.05942612886428833,0,AAAAAN,2.0,0,AAAAAN,2.0,0,AAAAAN,2.0,2905,GCACCN,0.10401788353919983,1385,CACCCN,0.2633790373802185,1385,CACCCN,0.2633790373802185,True,False,True,0.0059857964515686035,CAGCACACCCCACCGCACCCCCCACCACACAAACGGCCGCGC
14,14,37,mlp,recovery,0.0,0.0031940340995788574,0,AAAAAN,2.0,0,AAAAAN,2.0,0,AAAAAN,2.0,2905,GCACCN,0.10004887729883194,1385,CACCCN,0.2751164436340332,1385,CACCCN,0.2751164436340332,True,False,True,0.007939696311950684,CAGCACACCCCACCGCACCCCCCACCACACAAACGGCCGCGC
14,15,37,mlp,recovery,0.0,-0.0727074146270752,0,AAAAAN,2.0,0,AAAAAN,2.0,0,AAAAAN,2.0,2905,GCACCN,0.09217709302902222,1385,CACCCN,0.28844499588012695,1385,CACCCN,0.28844499588012695,True,False,True,0.001833796501159668,CAGCACACCCCACCGCACCCCCCACCACACAAACGGCCGCGC
14,16,37,mlp,recovery,0.0,-0.04968762397766113,0,AAAAAN,2.0,0,AAAAAN,2.0,0,AAAAAN,2.0,2905,GCACCN,0.09113729000091553,1385,CACCCN,0.28097546100616455,1385,CACCCN,0.28097546100616455,True,False,True,-1.7940998077392578e-05,CAGCACACCCCACCGCACCCCCCACCACACAAACGGCCGCGC
14,17,37,mlp,recovery,0.0,-0.02772045135498047,0,AAAAAN,2.0,0,AAAAAN,2.0,0,AAAAAN,2.0,2905,GCACCN,0.09109155833721161,1385,CACCCN,0.27479398250579834,1385,CACCCN,0.27479398250579834,True,False,True,-0.0019518136978149414,CAGCACACCCCACCGCACCCCCCACCACACAAACGGCCGCGC
15,0,37,mlp,recovery,0.0,0.009060919284820557,0,AAAAAN,2.0,0,AAAAAN,2.0,0,AAAAAN,2.0,2905,GCACCN,0.09265673905611038,1385,CACCCN,0.26608559489250183,1385,CACCCN,0.26608559489250183,True,False,True,-0.0037640929222106934,CAGCACACCCCACCGCACCCCCCACCACACAAACGGCCGCGC
15,1,37,mlp,recovery,0.0,0.1274862289428711,0,AAAAAN,2.0,0,AAAAAN,2.0,427,ACCCCC,2.060546875,2905,GCACCN,0.05779504030942917,1385,CACCCN,0.1981460303068161,1385,CACCCN,0.1981460303068161,False,False,True,-0.14020055532455444,CAGCACACCCCACCGCACCCCCCACCACACAAACGGCCGCGC
15,2,37,mlp,recovery,0.0,0.10810995101928711,0,AAAAAN,2.0,0,AAAAAN,2.0,3647,GTCGCC,2.05859375,2905,GCACCN,0.07228537648916245,1385,CACCCN,0.21804845333099365,1385,CACCCN,0.21804845333099365,False,False,True,-0.19040095806121826,CAGCACACCCCACCGCACCCCCCACCACACAAACGGCCGCGC
15,3,37,mlp,recovery,0.0,0.1585291624069214,0,AAAAAN,2.0,0,AAAAAN,2.0,3647,GTCGCC,2.07421875,2905,GCACCN,0.07972559332847595,1385,CACCCN,0.21140587329864502,1385,CACCCN,0.21140587329864502,False,False,True,-0.1922619640827179,CAGCACACCCCACCGCACCCCCCACCACACAAACGGCCGCGC
15,4,37,mlp,recovery,0.0,0.17202895879745483,0,AAAAAN,2.0,0,AAAAAN,2.0,0,AAAAAN,2.0,2905,GCACCN,0.1266007274389267,1385,CACCCN,0.2545103132724762,1385,CACCCN,0.2545103132724762,True,False,True,-0.019224107265472412,CAGCGCACCCCACCGCACCCCCCACCACACAAACGGCACGCGC
15,5,37,mlp,recovery,0.0,0.2201089859008789,0,AAAAAN,2.0,0,AAAAAN,2.0,0,AAAAAN,2.0,2905,GCACCN,0.10536275058984756,1385,CACCCN,0.21984291076660156,1385,CACCCN,0.21984291076660156,True,False,True,-0.06399455666542053,CAGCACACCCCACCGCACCCCCCACCACACAAACGGCCGCGC
15,6,37,mlp,recovery,0.0,0.2334374189376831,0,AAAAAN,2.0,0,AAAAAN,2.0,0,AAAAAN,2.0,2905,GCACCN,0.10538695007562637,1385,CACCCN,0.21614429354667664,1385,CACCCN,0.21614429354667664,True,False,True,-0.06836220622062683,CAGCACACCCCACCGCACCCCCCACCACACAAACGGCCGCGC
15,7,37,mlp,recovery,0.0,0.3040720224380493,0,AAAAAN,2.0,0,AAAAAN,2.0,0,AAAAAN,2.0,2905,GCACCN,0.12615083158016205,1385,CACCCN,0.21717894077301025,1385,CACCCN,0.21717894077301025,True,False,True,-0.01976156234741211,CAGCACACCCCACCGCACCCCCCACCACACAAACGGCCGCGC
15,8,37,mlp,recovery,0.0,0.22275131940841675,0,AAAAAN,2.0,0,AAAAAN,2.0,0,AAAAAN,2.0,2905,GCACCN,0.11620104312896729,1385,CACCCN,0.2299431711435318,1385,CACCCN,0.2299431711435318,True,False,True,-0.00142669677734375,CAGCACACCCCACCGCACCCCCCACCACACAAACGGCCGCGC
15,9,37,mlp,recovery,0.0,0.1654210090637207,0,AAAAAN,2.0,0,AAAAAN,2.0,0,AAAAAN,2.0,2905,GCACCN,0.11097896099090576,1385,CACCCN,0.2407342493534088,1385,CACCCN,0.2407342493534088,True,False,True,-0.0025397539138793945,CAGCACACCCCACCGCACCCCCCACCACACAAACGGCCGCGC
15,10,37,mlp,recovery,0.0,0.03946810960769653,0,AAAAAN,2.0,0,AAAAAN,2.0,0,AAAAAN,2.0,2905,GCACCN,0.09251350164413452,1385,CACCCN,0.257449209690094,1385,CACCCN,0.257449209690094,True,False,True,-0.0005286931991577148,CAGCACACCCCACCGCACCCCCCACCACACAAACGGCCGCGC
15,11,37,mlp,recovery,0.0,0.05365842580795288,0,AAAAAN,2.0,0,AAAAAN,2.0,0,AAAAAN,2.0,2905,GCACCN,0.09145962446928024,1385,CACCCN,0.2524317800998688,1385,CACCCN,0.2524317800998688,True,False,True,-0.0017938613891601562,CAGCACACCCCACCGCACCCCCCACCCACACAAACGGCCGCGC
15,12,37,mlp,recovery,0.0,0.0811699628829956,0,AAAAAN,2.0,0,AAAAAN,2.0,0,AAAAAN,2.0,2905,GCACCN,0.09098005294799805,1385,CACCCN,0.24426785111427307,1385,CACCCN,0.24426785111427307,True,False,True,-0.0005137920379638672,CAGCACACCCCACCGCACCCCCCACCCACACAAACGGCCGCGC
15,13,37,mlp,recovery,0.0,0.04917806386947632,0,AAAAAN,2.0,0,AAAAAN,2.0,0,AAAAAN,2.0,2905,GCACCN,0.09457691013813019,1385,CACCCN,0.25680047273635864,1385,CACCCN,0.25680047273635864,True,False,True,-0.00020378828048706055,CAGCACACCCCACCGCACCCCCCACCCACACAAACGGCCGCGC
15,14,37,mlp,recovery,0.0,0.03108847141265869,0,AAAAAN,2.0,0,AAAAAN,2.0,0,AAAAAN,2.0,2905,GCACCN,0.09759099781513214,1385,CACCCN,0.26486724615097046,1385,CACCCN,0.26486724615097046,True,False,True,0.0004483461380004883,CAGCACACCCCACCGCACCCCCCACCACACAAACGGCCGCGC
15,15,37,mlp,recovery,0.0,-0.02513134479522705,0,AAAAAN,2.0,0,AAAAAN,2.0,0,AAAAAN,2.0,2905,GCACCN,0.09769969433546066,1385,CACCCN,0.28067895770072937,1385,CACCCN,0.28067895770072937,True,False,True,-0.0015287399291992188,CAGCACACCCCACCGCACCCCCCACCACACAAACGGCCGCGC
15,16,37,mlp,recovery,0.0,-0.008773326873779297,0,AAAAAN,2.0,0,AAAAAN,2.0,0,AAAAAN,2.0,2905,GCACCN,0.09481779485940933,1385,CACCCN,0.2732280194759369,1385,CACCCN,0.2732280194759369,True,False,True,-0.007511913776397705,CAGCACACCCCACCGCACCCCCCACACACAAACGGCCGCGC
15,17,37,mlp,recovery,0.0,-0.0008550882339477539,0,AAAAAN,2.0,0,AAAAAN,2.0,0,AAAAAN,2.0,2905,GCACCN,0.09377378225326538,1385,CACCCN,0.2699723243713379,1385,CACCCN,0.2699723243713379,True,False,True,-0.008756518363952637,CAGCACACCCCACCGCACCCCCCACACACAAACGGCCGCGC
16,0,37,mlp,recovery,0.0,-0.020377516746520996,0,AAAAAN,2.0,0,AAAAAN,2.0,0,AAAAAN,2.0,2905,GCACCN,0.09636462479829788,1385,CACCCN,0.278016060590744,1385,CACCCN,0.278016060590744,True,False,True,-0.010815024375915527,CAGCACACCCCACCGCACCCCCCACCACACAAACGGCCGCGC
16,1,37,mlp,recovery,0.0,0.07710587978363037,0,AAAAAN,2.0,0,AAAAAN,2.0,0,AAAAAN,2.0,2905,GCACCN,0.06976128369569778,1385,CACCCN,0.22418421506881714,1385,CACCCN,0.22418421506881714,True,False,True,-0.016766667366027832,CAGCACACCCCACCGCACCCCCCACACACAAACGGCCGCGC
16,2,37,mlp,recovery,0.0,0.03215682506561279,0,AAAAAN,2.0,0,AAAAAN,2.0,0,AAAAAN,2.0,2905,GCACCN,0.07845798879861832,1385,CACCCN,0.24543584883213043,1385,CACCCN,0.24543584883213043,True,False,True,-0.23320743441581726,CAGCACACCCCACCGCACCCCCCACCACACAAACGGCCGCGC
16,3,37,mlp,recovery,0.0,0.05096292495727539,0,AAAAAN,2.0,0,AAAAAN,2.0,0,AAAAAN,2.0,2905,GCACCN,0.07423926889896393,1385,CACCCN,0.2359643131494522,1385,CACCCN,0.2359643131494522,True,False,True,-0.25230205059051514,CAGCACACCCCACCGCACCCCCCACCACACAAACGGCCGCGC
16,4,37,mlp,recovery,0.0,0.22235167026519775,0,AAAAAN,2.0,0,AAAAAN,2.0,0,AAAAAN,2.0,2905,GCACCN,0.10228871554136276,1385,CACCCN,0.216142475605011,1385,CACCCN,0.216142475605011,True,False,True,-0.1502498984336853,CAGCACACCCCACCGCACCCCCCACCCACACAAACGGCCGCGC
16,5,37,mlp,recovery,0.0,0.26950782537460327,0,AAAAAN,2.0,0,AAAAAN,2.0,0,AAAAAN,2.0,2905,GCACCN,0.1144193708896637,1385,CACCCN,0.21510174870491028,1385,CACCCN,0.21510174870491028,True,False,True,-0.07931986451148987,CAGCACACCCCACCGCACCCCCCACACACAAACGGCCGCGC
16,6,37,mlp,recovery,0.0,0.19084781408309937,0,AAAAAN,2.0,0,AAAAAN,2.0,0,AAAAAN,2.0,2905,GCACCN,0.11910169571638107,1385,CACCCN,0.2417549192905426,1385,CACCCN,0.2417549192905426,True,False,True,-0.05466955900192261,CAGCACACCCCACCGCACCCCCCACACACAAACGGCCGCGC
16,7,37,mlp,recovery,0.0,0.16214388608932495,0,AAAAAN,2.0,0,AAAAAN,2.0,0,AAAAAN,2.0,2905,GCACCN,0.1340739130973816,1385,CACCCN,0.2647445499897003,1385,CACCCN,0.2647445499897003,True,False,True,-0.026213109493255615,CAGCACACCCCACCGCACCCCCCACCACACAAACGGCCGCGC
16,8,37,mlp,recovery,0.0,0.09086441993713379,0,AAAAAN,2.0,0,AAAAAN,2.0,0,AAAAAN,2.0,2905,GCACCN,0.12883399426937103,1385,CACCCN,0.27941399812698364,1385,CACCCN,0.27941399812698364,True,False,True,-0.006301224231719971,CAGCACACCCCACCGCACCCCCCACCACACAAACGGCCGCGC
16,9,37,mlp,recovery,0.0,0.13277333974838257,0,AAAAAN,2.0,0,AAAAAN,2.0,0,AAAAAN,2.0,2905,GCACCN,0.11912879347801208,1385,CACCCN,0.25800302624702454,1385,CACCCN,0.25800302624702454,True,False,True,-0.005849182605743408,CAGCACACCCCACCGCACCCCCCACCACACAAACGGCCGCGC
16,10,37,mlp,recovery,0.0,-0.012757062911987305,0,AAAAAN,2.0,0,AAAAAN,2.0,0,AAAAAN,2.0,2905,GCACCN,0.08875751495361328,1385,CACCCN,0.2682804465293884,1385,CACCCN,0.2682804465293884,True,False,True,-0.001883089542388916,CAGCACACCCCACCGCACCCCCCACCCACACAAACGGCCGCGC
16,11,37,mlp,recovery,0.0,0.008169054985046387,0,AAAAAN,2.0,0,AAAAAN,2.0,0,AAAAAN,2.0,2905,GCACCN,0.08790434151887894,1385,CACCCN,0.26158231496810913,1385,CACCCN,0.26158231496810913,True,False,True,-0.004329502582550049,CAGCACACCCCACCGCACCCCCCACCACACAAACGGCCGCGC
16,12,37,mlp,recovery,0.0,0.056667447090148926,0,AAAAAN,2.0,0,AAAAAN,2.0,0,AAAAAN,2.0,2905,GCACCN,0.0884847491979599,1385,CACCCN,0.24861642718315125,1385,CACCCN,0.24861642718315125,True,False,True,-0.0038720369338989258,CAGCACACCCCACCGCACCCCCCACCCACACAAACGGCCGCGC
16,13,37,mlp,recovery,0.0,0.0059122443199157715,0,AAAAAN,2.0,0,AAAAAN,2.0,0,AAAAAN,2.0,2905,GCACCN,0.09300681203603745,1385,CACCCN,0.267315149307251,1385,CACCCN,0.267315149307251,True,False,True,-0.004012584686279297,CAGCACACCCCACCGCACCCCCCACCCACACAAACGGCCGCGC
16,14,37,mlp,recovery,0.0,-0.006797909736633301,0,AAAAAN,2.0,0,AAAAAN,2.0,0,AAAAAN,2.0,2905,GCACCN,0.09540699422359467,1385,CACCCN,0.27326545119285583,1385,CACCCN,0.27326545119285583,True,False,True,-0.00192946195602417,CAGCACACCCCACCGCACCCCCCACCCACACAAACGGCCGCGC
16,15,37,mlp,recovery,0.0,-0.01392364501953125,0,AAAAAN,2.0,0,AAAAAN,2.0,0,AAAAAN,2.0,2905,GCACCN,0.09807557612657547,1385,CACCCN,0.2779243588447571,1385,CACCCN,0.2779243588447571,True,False,True,-0.0030161142349243164,CAGCACACCCCACCGCACCCCCCACCACACAAACGGCCGCGC
16,16,37,mlp,recovery,0.0,-0.002999424934387207,0,AAAAAN,2.0,0,AAAAAN,2.0,0,AAAAAN,2.0,2905,GCACCN,0.09646167606115341,1385,CACCCN,0.27325916290283203,1385,CACCCN,0.27325916290283203,True,False,True,-0.0054471492767333984,CAGCACACCCCACCGCACCCCCCACACACAAACGGCCGCGC
16,17,37,mlp,recovery,0.0,0.002272486686706543,0,AAAAAN,2.0,0,AAAAAN,2.0,0,AAAAAN,2.0,2905,GCACCN,0.0953543484210968,1385,CACCCN,0.2706793248653412,1385,CACCCN,0.2706793248653412,True,False,True,-0.005820512771606445,CAGCACACCCCACCGCACCCCCCACCACACAAACGGCCGCGC
17,0,37,mlp,recovery,0.0,-0.017284631729125977,0,AAAAAN,2.0,0,AAAAAN,2.0,0,AAAAAN,2.0,2905,GCACCN,0.09432491660118103,1385,CACCCN,0.27511245012283325,1385,CACCCN,0.27511245012283325,True,False,True,-0.01084524393081665,CAGCACACCCCACCGCACCCCCCACCACACAAACGGCCGCGC
17,1,37,mlp,recovery,0.0,-0.015144824981689453,0,AAAAAN,2.0,0,AAAAAN,2.0,0,AAAAAN,2.0,2905,GCACCN,0.05913892388343811,1385,CACCCN,0.2393288016319275,1385,CACCCN,0.2393288016319275,True,False,True,-0.09796583652496338,CAGCACACCCCACCGCACCCCCCACCACACAAACGGCCGCGC
17,2,37,mlp,recovery,0.0,-0.04154658317565918,0,AAAAAN,2.0,0,AAAAAN,2.0,0,AAAAAN,2.0,2905,GCACCN,0.05887243524193764,1385,CACCCN,0.24643667042255402,1385,CACCCN,0.24643667042255402,True,False,True,-0.2426355481147766,CAGCACACCCCACCGCACCCCCCACCACACAAACGGCCGCGC
17,3,37,mlp,recovery,0.0,-0.09574663639068604,0,AAAAAN,2.0,0,AAAAAN,2.0,0,AAAAAN,2.0,2905,GCACCN,0.052620772272348404,1385,CACCCN,0.2553238570690155,1385,CACCCN,0.2553238570690155,True,False,True,-0.24790561199188232,CAGCACACCCCACCGCACCCCCCACCACACAAACGGCCGCGC
17,4,37,mlp,recovery,0.0,0.13434958457946777,0,AAAAAN,2.0,0,AAAAAN,2.0,0,AAAAAN,2.0,2905,GCACCN,0.051546066999435425,1385,CACCCN,0.18998004496097565,1385,CACCCN,0.18998004496097565,True,False,True,-0.1715603768825531,CAGCACACCCCACCGCACCCCCCACCACACAAACGGCCGCGC
17,5,37,mlp,recovery,0.0,0.13386714458465576,0,AAAAAN,2.0,0,AAAAAN,2.0,0,AAAAAN,2.0,2905,GCACCN,0.07275266945362091,1385,CACCCN,0.2113213986158371,1385,CACCCN,0.2113213986158371,True,False,True,-0.06526237726211548,CAGCACACCCCACCGCACCCCCCACCACACAAACGGCCGCGC
17,6,37,mlp,recovery,0.0,0.12082892656326294,0,AAAAAN,2.0,0,AAAAAN,2.0,0,AAAAAN,2.0,2905,GCACCN,0.07617033272981644,1385,CACCCN,0.21838082373142242,1385,CACCCN,0.21838082373142242,True,False,True,-0.05415567755699158,CAGCACACCCCACCGCACCCCCCACCACACAAACGGCCGCGC
17,7,37,mlp,recovery,0.0,0.232160747051239,0,AAAAAN,2.0,0,AAAAAN,2.0,0,AAAAAN,2.0,2905,GCACCN,0.1211220920085907,1385,CACCCN,0.23223602771759033,1385,CACCCN,0.23223602771759033,True,False,True,-0.04566797614097595,CAGCACACCCCACCGCACCCCCCACCACACAAACGGCCGCGC
17,8,37,mlp,recovery,0.0,0.2967802882194519,0,AAAAAN,2.0,0,AAAAAN,2.0,0,AAAAAN,2.0,2905,GCACCN,0.13518260419368744,1385,CACCCN,0.22824738919734955,1385,CACCCN,0.22824738919734955,True,False,True,-0.007855534553527832,CAGCACACCCCACCGCACCCCCCACCACACAAACGGCCGCGC
17,9,37,mlp,recovery,0.0,0.26745033264160156,0,AAAAAN,2.0,0,AAAAAN,2.0,0,AAAAAN,2.0,2905,GCACCN,0.12854693830013275,1385,CACCCN,0.22980399429798126,1385,CACCCN,0.22980399429798126,True,False,True,-0.006574690341949463,CAGCACACCCCACCGCACCCCCCACCACACAAACGGCCGCGC
17,10,37,mlp,recovery,0.0,-0.05226290225982666,0,AAAAAN,2.0,0,AAAAAN,2.0,0,AAAAAN,2.0,2905,GCACCN,0.0940885841846466,1385,CACCCN,0.28464606404304504,1385,CACCCN,0.28464606404304504,True,False,True,-0.0026016831398010254,CAGCACACCCCACCGCACCCCCCACCACACAAACGGCCGCGC
17,11,37,mlp,recovery,0.0,-0.04137730598449707,0,AAAAAN,2.0,0,AAAAAN,2.0,0,AAAAAN,2.0,2905,GCACCN,0.09572039544582367,1385,CACCCN,0.28323739767074585,1385,CACCCN,0.28323739767074585,True,False,True,-0.005488455295562744,CAGCACACCCCACCGCACCCCCCACCACACAAACGGCCGCGC
17,12,37,mlp,recovery,0.0,-0.009549379348754883,0,AAAAAN,2.0,0,AAAAAN,2.0,0,AAAAAN,2.0,2905,GCACCN,0.09992625564336777,1385,CACCCN,0.2785532474517822,1385,CACCCN,0.2785532474517822,True,False,True,-0.005569159984588623,CAGCACACCCCACCGCACCCCCCACCACACAAACGGCCGCGC
17,13,37,mlp,recovery,0.0,-0.012341737747192383,0,AAAAAN,2.0,0,AAAAAN,2.0,0,AAAAAN,2.0,2905,GCACCN,0.09885920584201813,1385,CACCCN,0.27826616168022156,1385,CACCCN,0.27826616168022156,True,False,True,-0.005257904529571533,CAGCACACCCCACCGCACCCCCCACCACACAAACGGCCGCGC
17,14,37,mlp,recovery,0.0,-0.009043097496032715,0,AAAAAN,2.0,0,AAAAAN,2.0,0,AAAAAN,2.0,2905,GCACCN,0.09832124412059784,1385,CACCCN,0.2768068313598633,1385,CACCCN,0.2768068313598633,True,False,True,-0.0019701123237609863,CAGCACACCCCACCGCACCCCCCACCACACAAACGGCCGCGC
17,15,37,mlp,recovery,0.0,-0.008541584014892578,0,AAAAAN,2.0,0,AAAAAN,2.0,0,AAAAAN,2.0,2905,GCACCN,0.09838835150003433,1385,CACCCN,0.2767338454723358,1385,CACCCN,0.2767338454723358,True,False,True,-0.0021328330039978027,CAGCACACCCCACCGCACCCCCCACACACAAACGGCCGCGC
17,16,37,mlp,recovery,0.0,-0.004842162132263184,0,AAAAAN,2.0,0,AAAAAN,2.0,0,AAAAAN,2.0,2905,GCACCN,0.09750170260667801,1385,CACCCN,0.2748138904571533,1385,CACCCN,0.2748138904571533,True,False,True,-0.004568159580230713,CAGCACACCCCACCGCACCCCCCACACACAAACGGCCGCGC
17,17,37,mlp,recovery,0.0,0.0018317103385925293,0,AAAAAN,2.0,0,AAAAAN,2.0,0,AAAAAN,2.0,2905,GCACCN,0.09579996019601822,1385,CACCCN,0.2712480425834656,1385,CACCCN,0.2712480425834656,True,False,True,-0.005087494850158691,CAGCACACCCCACCGCACCCCCCACCACACAAACGGCCGCGC
